1 -4
4 -4
9 -4
16 -4
36 -4
36 -4
81 -4
81 -4
81 -4
64 -4
64 -4
144 -4
144 -4
144 -4
144 -4
128 -511
266 -1063
139 -139
172 -687
270 -1079
109 -436
80 -20
303 -1211
117 -467
291 -291
80 -319
210 -840
246 -983
246 -983
74 -296
129 -516
139 -555
46 -184
174 -696
174 -695
180 -719
256 -4
256 -4
83 -331
63 -251
174 -695
180 -719
172 -687
112 -7
109 -436
205 -91
159 -159
189 -755
251 -251
161 -643
45 -20
116 -116
128 -511
35 -139
226 -904
266 -1064
142 -7
80 -319
73 -291
210 -840
240 -959
155 -619
20 -20
172 -687
91 -91
246 -983
80 -319
190 -760
77 -307
111 -111
230 -920
230 -920
80 -20
80 -20
61 -244
176 -703
280 -1119
303 -1211
96 -383
117 -467
117 -467
178 -712
291 -291
150 -599
264 -1055
300 -1199
61 -244
210 -840
252 -1007
195 -779
246 -983
178 -712
154 -615
154 -615
278 -1111
78 -312
74 -296
74 -296
16 -7
141 -564
129 -516
129 -516
174 -695
206 -824
46 -184
190 -759
190 -759
175 -699
139 -555
117 -52
180 -719
149 -596
211 -843
219 -35
151 -151
194 -776
194 -776
139 -139
52 -52
174 -695
250 -111
180 -719
180 -719
257 -1028
142 -568
221 -884
180 -719
251 -251
257 -1028
142 -7
210 -840
63 -7
173 -692
331 -331
251 -251
149 -596
153 -68
40 -159
63 -251
45 -20
63 -251
29 -116
139 -139
174 -695
172 -687
28 -7
250 -111
240 -959
293 -1171
270 -1079
190 -760
28 -111
150 -24
152 -152
125 -20
23 -91
260 -1039
230 -920
159 -159
230 -920
189 -755
68 -68
267 -267
223 -11
251 -251
226 -904
80 -319
218 -871
291 -291
236 -943
240 -959
5 -20
116 -116
116 -116
266 -1064
142 -7
80 -20
240 -959
236 -943
78 -312
228 -911
266 -1064
266 -1064
154 -615
99 -11
120 -120
16 -7
85 -339
96 -24
244 -244
178 -712
73 -291
150 -599
252 -1007
94 -376
120 -120
57 -228
240 -959
96 -383
143 -143
150 -599
20 -20
20 -20
133 -59
85 -339
178 -712
240 -959
246 -983
278 -1111
154 -615
243 -971
244 -244
173 -691
252 -1007
187 -83
250 -111
94 -376
278 -1111
111 -111
254 -1015
96 -383
42 -167
230 -920
230 -920
269 -1076
176 -703
266 -1064
227 -227
247 -987
264 -1055
204 -815
218 -871
118 -471
149 -596
206 -823
210 -839
181 -724
280 -1119
178 -79
314 -1256
143 -143
96 -383
215 -859
44 -7
218 -871
120 -479
150 -599
167 -167
120 -479
44 -7
218 -871
111 -111
178 -79
276 -276
150 -599
266 -1064
320 -20
264 -1055
118 -471
320 -20
57 -227
168 -671
204 -815
218 -871
168 -671
206 -823
149 -596
178 -79
124 -55
248 -248
83 -83
208 -52
195 -779
142 -568
84 -335
118 -471
93 -372
154 -615
178 -79
204 -815
204 -815
178 -79
154 -615
84 -335
168 -671
230 -919
268 -67
195 -779
44 -11
74 -296
106 -424
74 -296
145 -580
59 -59
2 -7
142 -7
141 -564
55 -55
79 -79
174 -695
141 -564
206 -824
278 -1111
129 -516
284 -1135
182 -727
99 -11
194 -776
228 -911
123 -123
206 -824
175 -7
135 -11
134 -535
145 -580
236 -943
108 -431
190 -759
241 -107
190 -759
213 -851
117 -52
190 -759
180 -719
248 -248
149 -596
236 -59
38 -151
13 -52
243 -971
124 -55
107 -107
250 -111
57 -228
149 -596
211 -843
319 -319
227 -227
219 -35
219 -35
44 -11
120 -479
210 -839
194 -776
67 -267
125 -20
194 -776
236 -59
236 -943
99 -395
54 -24
173 -692
150 -24
175 -699
28 -111
119 -119
226 -903
180 -719
180 -719
213 -852
192 -767
285 -1140
213 -852
177 -707
257 -1028
227 -227
145 -579
204 -815
163 -651
221 -884
29 -116
250 -111
180 -20
251 -251
40 -159
153 -68
73 -292
95 -379
79 -79
295 -295
204 -815
168 -671
82 -328
163 -651
7 -7
173 -692
135 -11
40 -159
124 -55
96 -383
180 -20
197 -788
55 -55
276 -276
227 -907
17 -68
213 -852
40 -159
119 -119
212 -7
210 -839
236 -943
5 -20
240 -959
63 -251
268 -67
218 -871
29 -116
69 -11
209 -835
167 -167
190 -759
293 -1172
219 -35
177 -707
38 -152
28 -111
240 -959
151 -67
278 -1111
175 -699
236 -59
111 -443
86 -344
117 -52
181 -724
168 -168
250 -111
42 -167
92 -367
150 -24
152 -152
152 -152
140 -35
125 -20
154 -615
205 -91
96 -383
230 -920
42 -167
66 -264
116 -463
145 -579
230 -920
269 -1076
176 -703
141 -564
68 -68
51 -203
267 -267
25 -11
30 -120
63 -7
154 -615
212 -7
92 -367
228 -911
264 -1055
269 -1076
252 -1007
150 -599
291 -291
36 -143
280 -1119
168 -168
116 -116
24 -24
86 -344
66 -264
116 -116
266 -1064
210 -839
66 -264
53 -211
30 -120
84 -335
134 -535
79 -35
96 -383
330 -1319
201 -803
228 -911
92 -367
235 -939
93 -372
112 -7
145 -579
11 -11
230 -919
106 -424
120 -120
69 -276
221 -883
96 -24
118 -471
174 -696
168 -671
122 -487
120 -479
44 -7
69 -276
182 -727
192 -767
150 -599
99 -395
159 -159
87 -347
210 -839
120 -120
121 -4
86 -344
167 -167
314 -1256
96 -383
205 -91
35 -35
218 -871
120 -479
173 -692
150 -599
248 -248
15 -59
118 -471
108 -431
135 -11
67 -67
84 -335
111 -443
114 -455
154 -615
79 -35
243 -971
272 -68
108 -431
272 -68
114 -455
134 -535
62 -248
252 -1007
124 -55
21 -83
52 -52
178 -79
28 -111
152 -152
163 -651
284 -1135
266 -1064
169 -4
82 -328
42 -167
230 -919
197 -787
107 -107
36 -143
189 -755
118 -471
38 -151
191 -763
285 -1140
264 -1055
190 -759
171 -683
69 -276
96 -24
234 -935
30 -119
248 -991
134 -535
114 -455
66 -264
20 -79
278 -1111
100 -399
201 -803
108 -431
49 -4
20 -79
91 -91
277 -123
140 -35
74 -295
120 -479
107 -107
30 -119
168 -168
120 -479
120 -479
262 -1048
74 -295
186 -743
254 -1015
111 -111
20 -79
196 -4
143 -571
276 -276
119 -119
260 -1039
209 -835
190 -759
211 -211
57 -227
168 -671
204 -815
94 -376
36 -143
155 -619
124 -55
119 -119
225 -4
252 -1007
14 -55
100 -399
248 -248
248 -248
196 -4
83 -83
114 -455
134 -535
85 -339
104 -415
204 -815
84 -335
211 -211
141 -563
100 -399
35 -35
236 -59
100 -399
210 -839
84 -335
168 -671
285 -1139
182 -727
99 -11
38 -151
168 -168
104 -415
44 -11
94 -376
187 -83
236 -59
262 -1048
257 -1027
114 -455
143 -571
59 -59
59 -59
14 -55
86 -344
141 -563
133 -59
206 -824
31 -123
74 -295
150 -24
182 -727
260 -1039
194 -776
120 -479
194 -776
123 -123
133 -59
234 -935
77 -308
108 -431
189 -755
104 -415
52 -52
108 -431
59 -59
62 -248
27 -107
285 -1139
151 -67
213 -851
213 -851
124 -55
13 -52
266 -1063
218 -871
248 -248
228 -911
117 -52
236 -943
54 -24
107 -107
30 -119
36 -143
83 -83
208 -52
104 -415
176 -703
65 -260
44 -11
176 -703
167 -167
203 -203
125 -20
77 -307
203 -811
134 -535
6 -24
173 -692
92 -367
42 -168
213 -852
86 -344
192 -767
44 -7
159 -159
145 -579
47 -187
221 -884
221 -884
29 -116
38 -152
65 -260
151 -151
40 -159
30 -119
17 -68
124 -55
123 -123
28 -7
124 -55
168 -671
197 -788
173 -692
68 -68
285 -1139
264 -1055
35 -35
276 -276
154 -615
175 -7
203 -203
17 -68
251 -1003
116 -463
42 -167
280 -1119
42 -168
140 -35
150 -599
69 -11
69 -11
186 -743
42 -167
38 -152
216 -24
108 -431
17 -67
114 -455
101 -404
83 -83
114 -455
272 -68
152 -152
152 -152
36 -143
84 -335
47 -187
99 -395
169 -4
121 -483
36 -143
77 -308
68 -68
108 -431
51 -203
51 -203
62 -248
120 -479
3 -11
101 -404
210 -839
163 -651
305 -1219
174 -696
225 -4
122 -487
298 -1191
86 -7
192 -767
168 -671
24 -24
120 -479
69 -276
121 -4
84 -335
9 -35
38 -151
96 -24
100 -399
235 -939
11 -11
287 -1147
114 -455
186 -743
139 -139
53 -211
102 -408
192 -767
252 -1007
100 -399
87 -347
61 -244
101 -404
65 -260
23 -91
30 -119
266 -1063
248 -248
248 -248
15 -59
100 -399
49 -4
151 -151
65 -260
210 -839
121 -483
234 -935
9 -35
260 -1039
248 -991
234 -935
62 -248
21 -83
187 -83
54 -24
140 -35
86 -7
30 -119
128 -511
108 -431
100 -4
25 -4
234 -935
49 -4
186 -743
65 -260
67 -67
57 -227
14 -55
61 -244
101 -404
86 -7
141 -563
68 -68
35 -35
128 -511
192 -767
59 -59
74 -295
101 -404
205 -91
137 -548
65 -260
27 -107
73 -292
55 -55
101 -404
100 -399
41 -163
186 -743
25 -4
137 -548
77 -308
35 -139
