1 2
1 2
1 1
1 3
1 3
1 3
1 3
2 1
2 4
2 4
2 5
2 5
2 6
2 6
3 6
3 5
3 3
3 7
3 1
3 8
3 9
4 10
4 2
4 11
4 12
4 13
4 14
4 15
5 15
5 3
5 14
5 2
5 16
5 17
5 18
6 13
6 3
6 12
6 19
6 20
6 2
6 21
7 21
7 18
7 8
7 22
7 23
7 24
7 3
8 17
8 20
8 7
8 3
8 25
8 26
8 27
9 16
9 9
9 19
9 28
9 29
9 30
9 3
10 4
10 31
10 32
10 33
10 34
10 35
10 36
11 37
11 38
11 4
11 39
11 40
11 41
11 42
12 6
12 36
12 42
12 4
12 43
12 44
12 45
13 6
13 39
13 34
13 46
13 47
13 48
13 4
14 33
14 40
14 5
14 49
14 50
14 4
14 51
15 35
15 41
15 5
15 4
15 52
15 53
15 54
16 53
16 9
16 49
16 5
16 55
16 56
16 57
17 50
17 8
17 52
17 58
17 59
17 60
17 5
18 51
18 7
18 54
18 61
18 5
18 62
18 63
19 43
19 9
19 46
19 64
19 65
19 66
19 6
20 44
20 8
20 48
20 67
20 68
20 6
20 69
21 47
21 7
21 45
21 70
21 6
21 71
21 72
22 70
22 26
22 63
22 7
22 73
22 74
22 75
23 72
23 61
23 27
23 76
23 77
23 78
23 7
24 25
24 71
24 62
24 79
24 80
24 7
24 81
25 24
25 59
25 69
25 82
25 8
25 83
25 84
26 58
26 22
26 67
26 8
26 85
26 86
26 87
27 68
27 60
27 23
27 88
27 89
27 8
27 90
28 29
28 56
28 65
28 91
28 9
28 92
28 93
29 28
29 55
29 66
29 9
29 94
29 95
29 96
30 57
30 64
30 30
30 97
30 98
30 9
30 99
31 100
31 101
31 10
31 102
31 103
31 104
31 105
32 106
32 107
32 10
32 108
32 109
32 110
32 111
33 105
33 108
33 14
33 112
33 10
33 113
33 114
34 109
34 102
34 13
34 10
34 115
34 116
34 117
35 103
35 15
35 110
35 118
35 10
35 119
35 120
36 104
36 111
36 12
36 10
36 121
36 122
36 123
37 124
37 11
37 125
37 126
37 127
37 128
37 129
38 130
38 11
38 131
38 132
38 133
38 134
38 135
39 134
39 129
39 13
39 11
39 136
39 137
39 138
40 128
40 14
40 135
40 139
40 140
40 11
40 141
41 15
41 133
41 126
41 142
41 143
41 11
41 144
42 127
42 12
42 132
42 11
42 145
42 146
42 147
43 145
43 122
43 19
43 145
43 148
43 12
43 149
44 123
44 146
44 20
44 150
44 127
44 12
44 151
45 21
45 147
45 121
45 152
45 153
45 154
45 12
46 136
46 117
46 19
46 155
46 13
46 156
46 157
47 115
47 21
47 138
47 158
47 159
47 160
47 13
48 20
48 116
48 137
48 13
48 161
48 162
48 163
49 114
49 139
49 16
49 164
49 165
49 14
49 166
50 141
50 17
50 113
50 14
50 167
50 168
50 169
51 112
51 18
51 140
51 170
51 171
51 172
51 14
52 142
52 17
52 120
52 15
52 173
52 133
52 174
53 16
53 144
53 119
53 175
53 176
53 103
53 15
54 18
54 118
54 143
54 177
54 178
54 15
54 179
55 103
55 29
55 166
55 180
55 16
55 101
55 181
56 175
56 28
56 165
56 182
56 183
56 184
56 16
57 30
57 164
57 176
57 185
57 186
57 16
57 187
58 167
58 173
58 26
58 188
58 17
58 189
58 190
59 169
59 25
59 174
59 191
59 192
59 17
59 193
60 27
60 133
60 168
60 17
60 131
60 194
60 195
61 23
61 171
61 178
61 196
61 18
61 197
61 198
62 24
62 179
62 170
62 18
62 199
62 200
62 201
63 22
63 172
63 177
63 112
63 202
63 203
63 18
64 30
64 157
64 145
64 19
64 204
64 205
64 132
65 156
65 28
65 148
65 206
65 19
65 207
65 117
66 29
66 155
66 149
66 208
66 209
66 210
66 19
67 162
67 150
67 26
67 20
67 211
67 116
67 212
68 27
68 163
68 151
68 213
68 214
68 20
68 215
69 127
69 161
69 25
69 20
69 216
69 125
69 217
70 22
70 152
70 159
70 218
70 219
70 220
70 21
71 24
71 158
71 153
71 221
71 222
71 223
71 21
72 160
72 154
72 23
72 21
72 224
72 225
72 226
73 86
73 203
73 220
73 177
73 227
73 22
73 228
74 202
74 85
74 218
74 22
74 229
74 177
74 230
75 219
75 112
75 87
75 231
75 22
75 232
75 105
76 197
76 226
76 88
76 23
76 233
76 234
76 235
77 224
77 196
77 90
77 23
77 236
77 237
77 238
78 225
78 89
78 198
78 23
78 239
78 240
78 241
79 199
79 221
79 83
79 242
79 243
79 24
79 199
80 223
80 200
80 82
80 24
80 244
80 245
80 246
81 222
81 201
81 84
81 81
81 24
81 247
81 248
82 217
82 191
82 80
82 249
82 25
82 250
82 251
83 192
83 216
83 79
83 252
83 253
83 25
83 254
84 193
84 125
84 81
84 255
84 201
84 25
84 256
85 189
85 74
85 211
85 257
85 26
85 258
85 259
86 73
86 116
86 188
86 26
86 109
86 260
86 261
87 212
87 190
87 75
87 26
87 262
87 263
87 264
88 131
88 76
88 213
88 265
88 266
88 267
88 27
89 78
89 194
89 214
89 268
89 269
89 27
89 270
90 215
90 195
90 77
90 271
90 272
90 273
90 27
91 183
91 117
91 96
91 274
91 109
91 28
91 208
92 182
92 206
92 95
92 28
92 275
92 276
92 277
93 184
93 94
93 207
93 278
93 28
93 279
93 280
94 93
94 210
94 181
94 281
94 29
94 282
94 283
95 92
95 101
95 209
95 29
95 284
95 285
95 286
96 208
96 91
96 180
96 96
96 287
96 29
96 288
97 185
97 205
97 98
97 30
97 289
97 290
97 291
98 186
98 204
98 97
98 292
98 293
98 30
98 294
99 187
99 132
99 99
99 30
99 295
99 130
99 296
100 297
100 31
100 298
100 299
100 300
100 301
100 302
101 31
101 95
101 303
101 262
101 55
101 304
101 305
102 34
102 299
102 304
102 306
102 307
102 308
102 31
103 300
103 55
103 35
103 309
103 31
103 53
103 300
104 36
104 302
104 305
104 310
104 31
104 311
104 312
105 301
105 262
105 33
105 313
105 75
105 31
105 314
106 315
106 32
106 316
106 317
106 318
106 319
106 227
107 320
107 32
107 321
107 322
107 323
107 324
107 287
108 33
108 323
108 318
108 325
108 326
108 327
108 32
109 287
109 227
109 34
109 91
109 32
109 86
109 328
110 322
110 317
110 35
110 32
110 329
110 330
110 331
111 324
111 36
111 319
111 332
111 333
111 334
111 32
112 75
112 51
112 326
112 63
112 335
112 33
112 234
113 50
113 313
113 325
113 336
113 251
113 337
113 33
114 49
114 314
114 327
114 338
114 339
114 33
114 340
115 307
115 328
115 47
115 341
115 34
115 342
115 343
116 86
116 308
116 48
116 344
116 34
116 345
116 67
117 306
117 91
117 46
117 346
117 347
117 34
117 65
118 54
118 330
118 309
118 348
118 349
118 257
118 35
119 329
119 53
119 53
119 350
119 350
119 35
119 35
120 300
120 331
120 52
120 351
120 298
120 352
120 35
121 310
121 45
121 333
121 353
121 36
121 354
121 355
122 312
122 43
122 334
122 356
122 357
122 36
122 358
123 311
123 44
123 332
123 36
123 359
123 360
123 361
124 37
124 362
124 363
124 359
124 364
124 365
124 366
125 37
125 274
125 84
125 69
125 183
125 367
125 368
126 364
126 368
126 41
126 37
126 369
126 370
126 371
127 42
127 69
127 359
127 37
127 372
127 44
127 358
128 183
128 40
128 366
128 373
128 165
128 37
128 374
129 39
129 365
129 367
129 37
129 375
129 335
129 376
130 377
130 38
130 296
130 378
130 352
130 379
130 99
131 38
131 380
131 88
131 381
131 60
131 382
131 383
132 42
132 381
132 99
132 384
132 385
132 38
132 64
133 60
133 41
133 352
133 52
133 38
133 386
133 352
134 382
134 39
134 378
134 387
134 38
134 388
134 389
135 40
135 383
135 379
135 390
135 38
135 391
135 392
136 46
136 389
136 335
136 39
136 326
136 393
136 394
137 387
137 376
137 48
137 395
137 273
137 396
137 39
138 47
138 388
138 375
138 397
138 398
138 399
138 39
139 390
139 165
139 49
139 40
139 139
139 400
139 401
140 373
140 51
140 391
140 402
140 40
140 403
140 404
141 50
141 374
141 392
141 405
141 40
141 406
141 407
142 371
142 52
142 52
142 408
142 41
142 41
142 408
143 54
143 370
143 386
143 260
143 409
143 410
143 41
144 53
144 352
144 369
144 296
144 41
144 411
144 300
145 43
145 358
145 64
145 412
145 413
145 43
145 42
146 44
146 44
146 385
146 414
146 42
146 42
146 414
147 372
147 384
147 45
147 42
147 415
147 416
147 417
148 357
148 65
148 412
148 418
148 306
148 348
148 43
149 413
149 356
149 66
149 43
149 419
149 420
149 421
150 414
150 360
150 67
150 422
150 308
150 423
150 44
151 68
151 414
151 361
151 44
151 424
151 425
151 426
152 417
152 70
152 355
152 427
152 428
152 45
152 417
153 353
153 71
153 415
153 45
153 429
153 430
153 431
154 416
154 72
154 354
154 432
154 433
154 434
154 45
155 394
155 66
155 346
155 435
155 436
155 346
155 46
156 65
156 393
156 65
156 46
156 437
156 437
156 46
157 326
157 64
157 347
157 260
157 46
157 318
157 381
158 71
158 399
158 343
158 47
158 438
158 439
158 440
159 70
159 398
159 341
159 441
159 47
159 442
159 443
160 72
160 397
160 342
160 444
160 47
160 445
160 446
161 344
161 69
161 273
161 274
161 195
161 48
161 447
162 67
162 396
162 67
162 48
162 48
162 448
162 448
163 345
163 395
163 68
163 336
163 48
163 449
163 450
164 57
164 401
164 339
164 49
164 451
164 452
164 453
165 338
165 56
165 139
165 49
165 454
165 455
165 128
166 340
166 55
166 400
166 49
166 456
166 303
166 457
167 405
167 58
167 337
167 50
167 374
167 458
167 459
168 60
168 251
168 407
168 460
168 380
168 217
168 50
169 59
169 336
169 406
169 461
169 395
169 50
169 462
170 402
170 62
170 335
170 367
170 254
170 51
170 463
171 61
171 404
171 234
171 197
171 464
171 51
171 465
172 63
172 63
172 403
172 51
172 51
172 403
172 403
173 58
173 351
173 408
173 466
173 52
173 291
173 467
174 408
174 59
174 298
174 468
174 469
174 470
174 52
175 56
175 411
175 350
175 256
175 53
175 471
175 472
176 350
176 57
176 296
176 53
176 473
176 187
176 474
177 63
177 260
177 257
177 326
177 74
177 73
177 54
178 61
178 348
178 410
178 54
178 357
178 475
178 476
179 62
179 409
179 349
179 477
179 54
179 478
179 479
180 309
180 457
180 96
180 480
180 180
180 55
180 481
181 300
181 94
181 456
181 297
181 482
181 369
181 55
182 92
182 455
182 471
182 56
182 483
182 484
182 485
183 128
183 91
183 256
183 227
183 419
183 56
183 125
184 93
184 454
184 472
184 486
184 487
184 454
184 56
185 97
185 451
185 473
185 488
185 489
185 57
185 490
186 474
186 98
186 452
186 491
186 492
186 493
186 57
187 187
187 453
187 99
187 176
187 57
187 377
187 295
188 374
188 291
188 86
188 58
188 366
188 287
188 205
189 85
189 467
189 458
189 494
189 495
189 496
189 58
190 87
190 466
190 459
190 497
190 498
190 445
190 58
191 82
191 395
191 470
191 387
191 499
191 59
191 500
192 462
192 468
192 83
192 501
192 502
192 503
192 59
193 469
193 461
193 84
193 504
193 477
193 59
193 505
194 352
194 460
194 89
194 377
194 331
194 60
194 506
195 217
195 90
195 386
195 161
195 507
195 508
195 60
196 464
196 475
196 77
196 426
196 509
196 510
196 61
197 76
197 197
197 357
197 171
197 334
197 511
197 61
198 78
198 476
198 465
198 512
198 513
198 437
198 61
199 254
199 79
199 479
199 514
199 62
199 79
199 515
200 80
200 478
200 463
200 516
200 517
200 518
200 62
201 477
201 367
201 81
201 519
201 84
201 62
201 520
202 74
202 403
202 74
202 391
202 391
202 63
202 63
203 73
203 403
203 73
203 63
203 373
203 373
203 63
204 98
204 412
204 318
204 64
204 521
204 315
204 522
205 260
205 97
205 413
205 443
205 188
205 370
205 64
206 92
206 437
206 348
206 523
206 65
206 330
206 476
207 93
207 437
207 418
207 65
207 465
207 229
207 524
208 419
208 96
208 346
208 525
208 91
208 66
208 526
209 420
209 435
209 95
209 527
209 528
209 66
209 529
210 94
210 421
210 436
210 530
210 66
210 247
210 531
211 422
211 85
211 448
211 67
211 523
211 532
211 533
212 423
212 87
212 448
212 285
212 67
212 534
212 535
213 449
213 426
213 88
213 536
213 68
213 537
213 464
214 450
214 89
214 424
214 68
214 538
214 539
214 540
215 425
215 336
215 90
215 313
215 541
215 542
215 68
216 372
216 83
216 447
216 543
216 69
216 544
216 545
217 195
217 82
217 358
217 69
217 312
217 546
217 168
218 428
218 74
218 443
218 70
218 279
218 547
218 260
219 441
219 75
219 417
219 517
219 301
219 70
219 384
220 427
220 442
220 73
220 70
220 548
220 549
220 257
221 79
221 430
221 438
221 479
221 71
221 242
221 550
222 429
222 440
222 81
222 71
222 222
222 281
222 551
223 80
223 431
223 439
223 552
223 444
223 250
223 71
224 77
224 444
224 433
224 553
224 439
224 72
224 554
225 445
225 78
225 434
225 72
225 555
225 487
225 459
226 76
226 432
226 446
226 72
226 556
226 557
226 231
227 548
227 373
227 109
227 558
227 73
227 183
227 106
228 261
228 549
228 373
228 559
228 560
228 73
228 366
229 391
229 259
229 279
229 207
229 379
229 561
229 74
230 547
230 391
230 258
230 74
230 562
230 383
230 563
231 263
231 234
231 384
231 381
231 226
231 281
231 75
232 264
232 517
232 335
232 463
232 564
232 365
232 75
233 511
233 557
233 265
233 565
233 76
233 540
233 276
234 171
234 231
234 267
234 280
234 76
234 112
234 267
235 556
235 334
235 266
235 566
235 319
235 567
235 76
236 509
236 439
236 271
236 508
236 77
236 343
236 568
237 272
237 554
237 426
237 361
237 569
237 570
237 77
238 510
238 273
238 553
238 376
238 480
238 77
238 571
239 487
239 268
239 512
239 572
239 573
239 78
239 472
240 513
240 459
240 270
240 78
240 574
240 575
240 337
241 269
241 437
241 555
241 576
241 78
241 495
241 393
242 514
242 253
242 242
242 577
242 79
242 221
242 578
243 550
243 515
243 252
243 496
243 579
243 580
243 79
244 516
244 250
244 250
244 581
244 80
244 80
244 581
245 517
245 552
245 251
245 80
245 582
245 325
245 441
246 249
246 518
246 444
246 80
246 342
246 583
246 584
247 255
247 520
247 281
247 81
247 263
247 210
247 255
248 519
248 256
248 551
248 585
248 586
248 81
248 411
249 246
249 546
249 499
249 82
249 587
249 588
249 570
250 244
250 312
250 500
250 82
250 589
250 223
250 302
251 245
251 168
251 387
251 113
251 378
251 590
251 82
252 503
252 544
252 243
252 591
252 592
252 83
252 593
253 242
253 502
253 543
253 430
253 594
253 595
253 83
254 545
254 501
254 199
254 83
254 596
254 597
254 170
255 247
255 368
255 504
255 421
255 498
255 247
255 84
256 248
256 505
256 183
256 548
256 84
256 175
256 598
257 494
257 177
257 532
257 220
257 599
257 118
257 85
258 496
258 533
258 230
258 550
258 600
258 601
258 85
259 495
259 229
259 523
259 495
259 602
259 85
259 437
260 205
260 177
260 344
260 86
260 143
260 157
260 218
261 345
261 366
261 228
261 86
261 603
261 362
261 261
262 497
262 285
262 105
262 604
262 101
262 87
262 537
263 535
263 231
263 498
263 605
263 87
263 446
263 247
264 445
264 232
264 534
264 397
264 606
264 607
264 87
265 537
265 233
265 382
265 285
265 608
265 609
265 88
266 235
266 536
266 383
266 88
266 610
266 611
266 547
267 464
267 381
267 234
267 88
267 234
267 326
267 486
268 377
268 539
268 239
268 594
268 89
268 453
268 612
269 540
269 331
269 241
269 557
269 89
269 317
269 613
270 538
270 240
270 506
270 614
270 615
270 616
270 89
271 541
271 508
271 236
271 617
271 90
271 271
271 618
272 237
272 507
272 542
272 90
272 619
272 620
272 621
273 238
273 313
273 161
273 137
273 288
273 301
273 90
274 347
274 288
274 125
274 91
274 161
274 622
274 623
275 284
275 476
275 484
275 284
275 92
275 410
275 624
276 285
276 483
276 523
276 625
276 448
276 92
276 233
277 286
277 485
277 330
277 322
277 485
277 626
277 92
278 524
278 454
278 283
278 338
278 93
278 606
278 627
279 487
279 282
279 229
279 218
279 93
279 578
279 434
280 486
280 281
280 465
280 234
280 440
280 623
280 93
281 280
281 247
281 369
281 368
281 231
281 222
281 94
282 531
282 297
282 279
282 628
282 428
282 94
282 578
283 482
283 530
283 278
283 94
283 564
283 629
283 630
284 527
284 275
284 305
284 95
284 275
284 631
284 632
285 262
285 276
285 528
285 633
285 265
285 212
285 95
286 529
286 304
286 277
286 634
286 635
286 636
286 95
287 526
287 109
287 481
287 188
287 96
287 637
287 107
288 480
288 274
288 525
288 96
288 273
288 638
288 639
289 488
289 443
289 293
289 640
289 97
289 341
289 641
290 489
290 370
290 292
290 642
290 97
290 292
290 364
291 294
291 188
291 490
291 173
291 643
291 481
291 97
292 521
292 493
292 290
292 98
292 644
292 645
292 290
293 492
293 289
293 315
293 646
293 647
293 606
293 98
294 522
294 491
294 291
294 351
294 648
294 649
294 98
295 295
295 385
295 295
295 99
295 187
295 99
295 187
296 384
296 176
296 130
296 602
296 144
296 441
296 99
297 282
297 100
297 543
297 581
297 594
297 447
297 181
298 174
298 650
298 100
298 651
298 120
298 652
298 571
299 651
299 102
299 594
299 539
299 502
299 100
299 641
300 181
300 103
300 120
300 144
300 103
300 100
300 653
301 105
301 571
301 447
301 273
301 100
301 219
301 569
302 652
302 581
302 104
302 100
302 654
302 655
302 250
303 101
303 656
303 642
303 166
303 489
303 618
303 497
304 286
304 102
304 489
304 657
304 658
304 101
304 451
305 284
305 104
305 618
305 484
305 101
305 508
305 659
306 658
306 117
306 502
306 102
306 462
306 148
306 660
307 641
307 115
307 451
307 102
307 488
307 401
307 661
308 116
308 539
308 657
308 662
308 102
308 150
308 450
309 180
309 118
309 653
309 103
309 457
309 494
309 648
310 484
310 121
310 655
310 471
310 104
310 593
310 663
311 123
311 654
311 659
311 621
311 104
311 664
311 665
312 250
312 508
312 122
312 217
312 595
312 104
312 439
313 604
313 273
313 113
313 105
313 387
313 215
313 525
314 114
314 537
314 569
314 105
314 666
314 603
314 426
315 106
315 562
315 293
315 667
315 547
315 548
315 204
316 402
316 106
316 559
316 668
316 576
316 669
316 373
317 110
317 667
317 576
317 106
317 670
317 671
317 269
318 108
318 669
318 204
318 106
318 672
318 673
318 157
319 668
319 111
319 547
319 106
319 235
319 674
319 428
320 546
320 107
320 412
320 481
320 358
320 635
320 601
321 675
321 107
321 676
321 566
321 677
321 678
321 526
322 110
322 635
322 677
322 107
322 679
322 277
322 680
323 108
323 678
323 601
323 107
323 599
323 533
323 681
324 111
324 358
324 566
324 682
324 334
324 107
324 359
325 113
325 681
325 673
325 245
325 108
325 616
325 683
326 157
326 599
326 112
326 267
326 136
326 177
326 108
327 533
327 114
327 672
327 108
327 684
327 629
327 422
328 637
328 115
328 558
328 588
328 647
328 109
328 617
329 680
329 670
329 119
329 110
329 685
329 110
329 685
330 671
330 118
330 277
330 532
330 686
330 206
330 110
331 269
331 120
331 679
331 110
331 687
331 650
331 194
332 674
332 359
332 123
332 332
332 363
332 688
332 111
333 428
333 682
333 121
333 355
333 111
333 531
333 662
334 122
334 334
334 235
334 324
334 689
334 197
334 111
335 136
335 170
335 232
335 112
335 501
335 129
335 690
336 683
336 215
336 169
336 691
336 692
336 113
336 163
337 525
337 167
337 616
337 113
337 419
337 639
337 240
338 165
338 629
338 603
338 114
338 278
338 693
338 366
339 422
339 426
339 164
339 114
339 636
339 475
339 414
340 666
340 166
340 684
340 694
340 656
340 114
340 695
341 488
341 647
341 159
341 289
341 696
341 115
341 473
342 160
342 588
342 661
342 661
342 246
342 115
342 697
343 617
343 158
343 401
343 236
343 390
343 698
343 115
344 161
344 260
344 662
344 347
344 116
344 428
344 386
345 450
345 261
345 163
345 699
345 345
345 116
345 683
346 155
346 462
346 208
346 117
346 406
346 700
346 155
347 274
347 157
347 660
347 605
347 669
347 344
347 117
348 206
348 178
348 648
348 491
348 118
348 148
348 701
349 457
349 179
349 686
349 702
349 703
349 118
349 400
350 176
350 685
350 175
350 453
350 625
350 505
350 119
351 173
351 687
351 653
351 697
351 294
351 704
351 120
352 144
352 133
352 194
352 130
352 120
352 705
352 133
353 662
353 471
353 153
353 121
353 411
353 706
353 657
354 531
354 154
354 663
354 121
354 602
354 421
354 628
355 355
355 152
355 593
355 707
355 333
355 121
355 544
356 689
356 149
356 439
356 122
356 399
356 433
356 598
357 148
357 197
357 595
357 404
357 178
357 502
357 122
358 145
358 324
358 217
358 407
358 320
358 122
358 127
359 665
359 127
359 332
359 592
359 123
359 324
359 124
360 363
360 150
360 664
360 657
360 649
360 708
360 123
361 621
361 151
361 688
361 123
361 237
361 709
361 710
362 124
362 683
362 560
362 665
362 261
362 644
362 681
363 360
363 444
363 124
363 332
363 643
363 397
363 431
364 644
364 126
364 431
364 415
364 290
364 124
364 711
365 681
365 129
365 397
365 124
365 232
365 375
365 678
366 261
366 643
366 128
366 188
366 124
366 228
366 338
367 622
367 129
367 201
367 712
367 713
367 125
367 170
368 255
368 623
368 126
368 714
368 281
368 715
368 125
369 144
369 281
369 415
369 126
369 181
369 429
369 384
370 290
370 715
370 143
370 205
370 716
370 126
370 493
371 142
371 711
371 714
371 717
371 126
371 717
371 126
372 147
372 592
372 216
372 544
372 127
372 718
372 719
373 140
373 227
373 228
373 128
373 203
373 316
373 720
374 419
374 188
374 141
374 413
374 167
374 526
374 128
375 712
375 138
375 375
375 721
375 129
375 722
375 365
376 713
376 137
376 678
376 675
376 723
376 238
376 129
377 130
377 377
377 268
377 460
377 194
377 578
377 187
378 134
378 460
378 441
378 724
378 251
378 398
378 130
379 602
379 135
379 578
379 531
379 130
379 514
379 229
380 590
380 580
380 131
380 725
380 605
380 550
380 168
381 132
381 267
381 605
381 231
381 131
381 157
381 726
382 134
382 265
382 725
382 727
382 131
382 528
382 728
383 135
383 266
383 550
383 131
383 230
383 729
383 438
384 231
384 147
384 296
384 132
384 369
384 432
384 219
385 146
385 295
385 726
385 132
385 453
385 453
385 132
386 143
386 705
386 195
386 730
386 133
386 631
386 344
387 137
387 251
387 728
387 313
387 731
387 134
387 191
388 398
388 138
388 528
388 420
388 134
388 708
388 388
389 727
389 136
389 724
389 599
389 134
389 732
389 613
390 139
390 514
390 438
390 479
390 390
390 135
390 343
391 229
391 140
391 230
391 202
391 418
391 733
391 135
392 141
392 531
392 729
392 135
392 734
392 682
392 436
393 690
393 613
393 156
393 136
393 241
393 136
393 241
394 155
394 501
394 732
394 136
394 735
394 462
394 736
395 675
395 163
395 191
395 169
395 737
395 137
395 738
396 162
396 731
396 723
396 739
396 137
396 137
396 739
397 708
397 160
397 365
397 740
397 138
397 264
397 363
398 388
398 159
398 721
398 138
398 378
398 573
398 741
399 722
399 420
399 158
399 356
399 742
399 610
399 138
400 166
400 479
400 455
400 642
400 430
400 139
400 349
401 164
401 454
401 343
401 139
401 307
401 472
401 509
402 170
402 316
402 733
402 607
402 140
402 622
402 545
403 203
403 172
403 202
403 140
403 172
403 172
403 140
404 418
404 171
404 720
404 140
404 743
404 357
404 744
405 734
405 167
405 167
405 141
405 745
405 141
405 745
406 436
406 526
406 169
406 746
406 675
406 346
406 141
407 682
407 413
407 168
407 141
407 358
407 580
407 612
408 717
408 173
408 174
408 717
408 490
408 565
408 142
409 179
409 730
409 716
409 747
409 748
409 749
409 143
410 178
410 493
410 631
410 595
410 452
410 275
410 143
411 705
411 175
411 429
411 698
411 248
411 144
411 353
412 148
412 320
412 204
412 145
412 648
412 562
412 658
413 407
413 149
413 205
413 374
413 573
413 145
413 715
414 150
414 151
414 453
414 539
414 685
414 146
414 339
415 719
415 153
415 369
415 147
415 364
415 750
415 456
416 718
416 432
416 154
416 416
416 751
416 147
416 561
417 544
417 152
417 219
417 447
417 152
417 752
417 147
418 562
418 404
418 207
418 744
418 753
418 391
418 148
419 208
419 374
419 598
419 337
419 754
419 183
419 149
420 209
420 573
420 399
420 755
420 149
420 388
420 512
421 210
421 433
421 715
421 354
421 149
421 255
421 596
422 211
422 339
422 649
422 150
422 327
422 626
422 491
423 212
423 685
423 708
423 756
423 150
423 670
423 528
424 539
424 214
424 709
424 615
424 151
424 651
424 424
425 710
425 215
425 685
425 680
425 151
425 604
425 757
426 237
426 339
426 213
426 314
426 196
426 758
426 151
427 752
427 220
427 707
427 702
427 494
427 152
427 586
428 447
428 333
428 218
428 344
428 152
428 319
428 282
429 222
429 750
429 411
429 551
429 369
429 440
429 153
430 456
430 706
430 221
430 400
430 253
430 759
430 153
431 223
431 364
431 657
431 500
431 363
431 489
431 153
432 602
432 416
432 226
432 154
432 495
432 384
432 760
433 224
433 751
433 421
433 504
433 356
433 154
433 761
434 628
434 561
434 225
434 762
434 154
434 745
434 279
435 700
435 735
435 209
435 633
435 763
435 764
435 155
436 406
436 736
436 210
436 392
436 155
436 736
436 520
437 206
437 207
437 241
437 198
437 156
437 671
437 259
438 221
438 610
438 390
438 383
438 747
438 514
438 158
439 223
439 356
439 236
439 158
439 765
439 312
439 224
440 698
440 742
440 222
440 158
440 429
440 280
440 742
441 219
441 473
441 378
441 245
441 571
441 159
441 296
442 220
442 696
442 741
442 159
442 766
442 532
442 647
443 218
443 289
443 573
443 205
443 646
443 487
443 159
444 224
444 363
444 246
444 767
444 223
444 160
444 674
445 661
445 225
445 264
445 190
445 768
445 160
445 641
446 740
446 697
446 226
446 687
446 160
446 769
446 263
447 216
447 428
447 301
447 668
447 161
447 417
447 297
448 212
448 739
448 211
448 162
448 770
448 771
448 276
449 213
449 699
449 738
449 743
449 163
449 772
449 773
450 214
450 345
450 737
450 308
450 609
450 163
450 774
451 185
451 307
451 636
451 304
451 164
451 775
451 776
452 186
452 509
452 475
452 475
452 410
452 164
452 777
453 472
453 187
453 414
453 164
453 268
453 385
453 350
454 184
454 401
454 278
454 165
454 778
454 184
454 641
455 693
455 400
455 182
455 686
455 706
455 645
455 165
456 181
456 430
456 695
456 166
456 415
456 543
456 684
457 349
457 180
457 694
457 166
457 309
457 779
457 780
458 189
458 745
458 639
458 167
458 480
458 781
458 561
459 190
459 745
459 240
459 782
459 167
459 783
459 225
460 378
460 194
460 612
460 679
460 168
460 721
460 377
461 193
461 691
461 746
461 748
461 784
461 169
461 785
462 192
462 692
462 346
462 394
462 306
462 786
462 169
463 200
463 607
463 690
463 170
463 762
463 768
463 232
464 267
464 196
464 743
464 778
464 599
464 171
464 213
465 744
465 198
465 280
465 171
465 742
465 638
465 207
466 190
466 717
466 697
466 714
466 173
466 787
466 661
467 189
467 565
467 704
467 173
467 788
467 591
467 557
468 565
468 651
468 192
468 709
468 564
468 174
468 511
469 193
469 490
469 571
469 553
469 174
469 703
469 473
470 191
470 717
470 652
470 789
470 711
470 728
470 174
471 182
471 353
471 625
471 483
471 310
471 634
471 175
472 184
472 698
472 453
472 175
472 239
472 401
472 726
473 441
473 505
473 185
473 552
473 176
473 469
473 341
474 625
474 186
474 602
474 663
474 790
474 523
474 176
475 491
475 196
475 452
475 791
475 178
475 339
475 452
476 275
476 198
476 701
476 178
476 206
476 792
476 527
477 201
477 748
477 703
477 746
477 193
477 179
477 730
478 749
478 200
478 702
478 793
478 583
478 179
478 752
479 199
479 400
479 747
479 179
479 390
479 221
479 716
480 780
480 494
480 288
480 707
480 238
480 458
480 180
481 287
481 648
481 779
481 794
481 320
481 180
481 291
482 653
482 283
482 684
482 795
482 796
482 672
482 181
483 483
483 706
483 276
483 182
483 471
483 739
483 511
484 275
484 645
484 310
484 797
484 305
484 493
484 182
485 686
485 277
485 634
485 766
485 182
485 677
485 277
486 280
486 778
486 726
486 184
486 267
486 698
486 605
487 239
487 279
487 641
487 184
487 443
487 594
487 225
488 776
488 289
488 341
488 185
488 488
488 307
488 798
489 304
489 290
489 552
489 303
489 521
489 185
489 431
490 469
490 775
490 291
490 779
490 408
490 767
490 185
491 523
491 294
491 475
491 422
491 348
491 186
491 687
492 293
492 790
492 777
492 186
492 799
492 800
492 564
493 292
493 410
493 663
493 186
493 484
493 589
493 370
494 480
494 788
494 257
494 309
494 427
494 510
494 189
495 561
495 557
495 259
495 259
495 189
495 241
495 432
496 258
496 781
496 591
496 781
496 801
496 189
496 243
497 787
497 782
497 262
497 190
497 303
497 802
497 773
498 714
498 263
498 783
498 190
498 623
498 697
498 255
499 249
499 738
499 789
499 191
499 803
499 758
499 804
500 737
500 250
500 711
500 191
500 431
500 644
500 652
501 394
501 254
501 564
501 530
501 335
501 790
501 192
502 253
502 306
502 511
502 706
502 192
502 357
502 299
503 709
503 252
503 786
503 805
503 797
503 688
503 192
504 785
504 255
504 553
504 193
504 783
504 433
504 520
505 784
505 473
505 256
505 350
505 647
505 765
505 193
506 721
506 270
506 705
506 806
506 194
506 807
506 712
507 272
507 730
507 546
507 195
507 703
507 808
507 809
508 312
508 271
508 631
508 195
508 305
508 577
508 236
509 236
509 452
509 778
509 810
509 196
509 401
509 631
510 238
510 599
510 791
510 494
510 196
510 724
510 678
511 502
511 233
511 511
511 468
511 483
511 651
511 197
512 239
512 527
512 742
512 420
512 698
512 198
512 811
513 792
513 638
513 240
513 525
513 797
513 574
513 198
514 597
514 390
514 242
514 617
514 199
514 379
514 438
515 716
515 243
515 596
515 715
515 812
515 199
515 781
516 762
516 244
516 793
516 628
516 200
516 628
516 200
517 245
517 752
517 232
517 795
517 219
517 681
517 200
518 768
518 246
518 583
518 563
518 200
518 661
518 518
519 730
519 712
519 248
519 813
519 201
519 814
519 705
520 746
520 713
520 247
520 436
520 535
520 201
520 504
521 658
521 673
521 292
521 815
521 204
521 816
521 489
522 648
522 294
522 672
522 653
522 817
522 204
522 522
523 491
523 276
523 259
523 206
523 474
523 557
523 211
524 753
524 671
524 278
524 818
524 603
524 207
524 667
525 700
525 288
525 337
525 513
525 313
525 208
525 819
526 754
526 406
526 287
526 208
526 374
526 820
526 321
527 284
527 763
527 512
527 476
527 821
527 822
527 209
528 633
528 285
528 388
528 423
528 209
528 382
528 528
529 755
529 286
529 764
529 209
529 619
529 758
529 735
530 736
530 283
530 596
530 823
530 210
530 501
530 824
531 282
531 354
531 392
531 379
531 210
531 333
531 825
532 257
532 771
532 626
532 826
532 211
532 330
532 442
533 327
533 770
533 258
533 211
533 323
533 823
533 759
534 670
534 264
534 771
534 576
534 667
534 708
534 212
535 263
535 770
535 756
535 212
535 520
535 827
535 740
536 772
536 758
536 266
536 213
536 738
536 646
536 755
537 773
537 265
537 314
537 262
537 699
537 787
537 213
538 774
538 615
538 270
538 214
538 538
538 828
538 829
539 268
539 308
539 424
539 414
539 299
539 806
539 214
540 269
540 651
540 609
540 650
540 233
540 214
540 667
541 757
541 271
541 691
541 541
541 215
541 830
541 831
542 680
542 272
542 692
542 710
542 215
542 677
542 635
543 297
543 253
543 719
543 456
543 572
543 589
543 216
544 544
544 417
544 252
544 216
544 355
544 832
544 372
545 254
545 718
545 668
545 402
545 216
545 760
545 761
546 507
546 249
546 320
546 801
546 217
546 619
546 779
547 230
547 319
547 646
547 218
547 584
547 315
547 266
548 647
548 227
548 586
548 220
548 256
548 558
548 315
549 702
549 766
549 228
549 686
549 833
549 643
549 220
550 383
550 243
550 759
550 221
550 824
550 380
550 258
551 248
551 551
551 742
551 744
551 429
551 722
551 222
552 245
552 765
552 489
552 473
552 656
552 223
552 673
553 238
553 767
553 504
553 469
553 780
553 713
553 224
554 761
554 674
554 237
554 668
554 584
554 688
554 224
555 768
555 762
555 241
555 225
555 561
555 690
555 607
556 235
556 760
556 769
556 226
556 668
556 834
556 835
557 233
557 687
557 495
557 523
557 467
557 269
557 226
558 328
558 558
558 720
558 227
558 577
558 548
558 804
559 316
559 603
559 686
559 693
559 671
559 228
559 569
560 362
560 720
560 833
560 228
560 589
560 814
560 836
561 733
561 495
561 434
561 555
561 458
561 416
561 229
562 418
562 315
562 601
562 586
562 837
562 412
562 230
563 733
563 584
563 600
563 761
563 518
563 230
563 819
564 795
564 501
564 606
564 232
564 283
564 492
564 468
565 467
565 608
565 468
565 408
565 233
565 795
565 805
566 611
566 324
566 834
566 235
566 321
566 665
566 838
567 689
567 610
567 835
567 813
567 722
567 235
567 760
568 810
568 618
568 765
568 784
568 656
568 816
568 236
569 668
569 314
569 620
569 559
569 301
569 769
569 237
570 584
570 758
570 619
570 237
570 764
570 646
570 249
571 724
571 469
571 301
571 298
571 441
571 620
571 238
572 594
572 811
572 594
572 239
572 543
572 543
572 239
573 420
573 443
573 612
573 800
573 398
573 413
573 239
574 614
574 783
574 574
574 796
574 240
574 513
574 785
575 615
575 797
575 782
575 240
575 645
575 709
575 839
576 317
576 671
576 607
576 241
576 576
576 316
576 534
577 595
577 617
577 577
577 508
577 631
577 242
577 558
578 379
578 594
578 578
578 279
578 242
578 282
578 377
579 824
579 592
579 812
579 243
579 665
579 596
579 840
580 593
580 715
580 380
580 623
580 407
580 243
580 655
581 589
581 628
581 302
581 244
581 833
581 297
581 663
582 795
582 656
582 590
582 245
582 608
582 684
582 810
583 587
583 767
583 518
583 478
583 775
583 600
583 246
584 563
584 570
584 674
584 841
584 554
584 547
584 246
585 722
585 813
585 598
585 248
585 712
585 835
585 689
586 814
586 744
586 548
586 248
586 562
586 720
586 427
587 803
587 583
587 801
587 749
587 789
587 249
587 781
588 779
588 804
588 342
588 328
588 694
588 249
588 775
589 595
589 644
589 581
589 493
589 250
589 560
589 543
590 582
590 380
590 731
590 728
590 827
590 759
590 251
591 496
591 805
591 832
591 252
591 842
591 467
591 808
592 688
592 372
592 579
592 843
592 359
592 761
592 252
593 580
593 355
593 797
593 310
593 682
593 252
593 638
594 572
594 299
594 578
594 297
594 487
594 253
594 268
595 589
595 577
595 357
595 312
595 720
595 253
595 410
596 530
596 515
596 761
596 421
596 254
596 600
596 579
597 760
597 514
597 790
597 254
597 831
597 602
597 610
598 765
598 585
598 419
598 256
598 616
598 356
598 844
599 826
599 510
599 326
599 323
599 257
599 389
599 464
600 781
600 823
600 563
600 596
600 258
600 583
600 639
601 323
601 562
601 801
601 258
601 826
601 814
601 320
602 432
602 474
602 379
602 597
602 259
602 296
602 354
603 559
603 338
603 699
603 261
603 524
603 845
603 314
604 802
604 633
604 313
604 728
604 700
604 262
604 425
605 827
605 623
605 381
605 263
605 347
605 380
605 486
606 667
606 564
606 641
606 278
606 651
606 293
606 264
607 463
607 576
607 768
607 264
607 555
607 402
607 607
608 728
608 787
608 565
608 265
608 717
608 802
608 582
609 699
609 727
609 540
609 450
609 265
609 846
609 837
610 438
610 755
610 567
610 597
610 266
610 399
610 847
611 729
611 566
611 738
611 839
611 836
611 675
611 266
612 573
612 460
612 806
612 268
612 407
612 848
612 721
613 393
613 650
613 650
613 389
613 269
613 269
613 389
614 828
614 574
614 807
614 270
614 849
614 792
614 630
615 575
615 538
615 806
615 270
615 424
615 838
615 816
616 337
616 829
616 712
616 598
616 270
616 622
616 325
617 577
617 831
617 343
617 822
617 514
617 328
617 271
618 568
618 830
618 305
618 645
618 757
618 271
618 303
619 809
619 635
619 570
619 529
619 546
619 272
619 800
620 569
620 677
620 703
620 676
620 571
620 272
620 686
621 361
621 710
621 808
621 805
621 272
621 621
621 311
622 367
622 669
622 639
622 274
622 616
622 402
622 823
623 368
623 638
623 605
623 274
623 498
623 580
623 280
624 792
624 797
624 632
624 275
624 792
624 828
624 786
625 633
625 471
625 474
625 735
625 655
625 350
625 276
626 532
626 766
626 636
626 696
626 277
626 850
626 422
627 818
627 630
627 778
627 851
627 743
627 278
627 807
628 825
628 581
628 434
628 282
628 354
628 516
628 852
629 823
629 338
629 672
629 283
629 643
629 327
629 669
630 796
630 824
630 627
630 853
630 614
630 283
630 759
631 822
631 410
631 508
631 577
631 284
631 509
631 386
632 659
632 624
632 821
632 854
632 840
632 284
632 763
633 528
633 625
633 604
633 285
633 435
633 685
633 725
634 735
634 657
634 485
634 286
634 471
634 732
634 664
635 322
635 658
635 619
635 320
635 286
635 848
635 542
636 451
636 758
636 626
636 339
636 789
636 286
636 798
637 820
637 328
637 794
637 799
637 831
637 287
637 779
638 623
638 707
638 513
638 288
638 783
638 465
638 593
639 622
639 458
639 819
639 288
639 733
639 337
639 600
640 646
640 798
640 646
640 758
640 289
640 758
640 289
641 606
641 487
641 307
641 454
641 299
641 445
641 289
642 645
642 716
642 303
642 290
642 400
642 830
642 782
643 366
643 649
643 767
643 291
643 629
643 549
643 363
644 815
644 589
644 364
644 500
644 362
644 292
644 719
645 642
645 484
645 816
645 618
645 455
645 575
645 292
646 800
646 547
646 640
646 443
646 536
646 570
646 293
647 548
647 341
647 799
647 328
647 293
647 442
647 505
648 522
648 348
648 481
648 855
648 294
648 309
648 412
649 422
649 817
649 643
649 294
649 766
649 672
649 360
650 298
650 613
650 846
650 331
650 540
650 724
650 727
651 299
651 468
651 540
651 298
651 424
651 511
651 606
652 727
652 302
652 470
652 298
652 850
652 725
652 500
653 351
653 309
653 482
653 300
653 788
653 522
653 694
654 850
654 833
654 311
654 302
654 808
654 766
654 836
655 310
655 725
655 663
655 580
655 655
655 302
655 625
656 856
656 303
656 582
656 552
656 787
656 340
656 568
657 634
657 308
657 431
657 360
657 304
657 353
657 737
658 306
658 635
658 521
658 692
658 857
658 304
658 412
659 632
659 311
659 757
659 858
659 859
659 305
659 710
660 706
660 347
660 857
660 306
660 827
660 662
660 693
661 775
661 342
661 445
661 307
661 466
661 518
661 342
662 806
662 344
662 353
662 308
662 660
662 333
662 705
663 354
663 655
663 493
663 310
663 581
663 715
663 474
664 859
664 766
664 360
664 311
664 817
664 634
664 741
665 359
665 858
665 836
665 566
665 579
665 362
665 311
666 787
666 769
666 340
666 314
666 856
666 697
666 860
667 606
667 837
667 317
667 524
667 540
667 315
667 534
668 319
668 545
668 569
668 447
668 556
668 554
668 316
669 318
669 622
669 693
669 829
669 347
669 316
669 629
670 329
670 534
670 534
670 317
670 423
670 317
670 423
671 576
671 524
671 330
671 771
671 437
671 559
671 317
672 327
672 522
672 629
672 318
672 649
672 672
672 482
673 829
673 325
673 521
673 829
673 318
673 774
673 552
674 554
674 332
674 584
674 674
674 444
674 319
674 861
675 395
675 321
675 736
675 376
675 406
675 611
675 732
676 769
676 321
676 820
676 834
676 620
676 754
676 740
677 732
677 322
677 620
677 724
677 485
677 542
677 321
678 740
678 323
678 376
678 770
678 510
678 365
678 321
679 331
679 724
679 848
679 322
679 791
679 460
679 846
680 542
680 329
680 542
680 322
680 425
680 425
680 322
681 325
681 814
681 365
681 362
681 712
681 517
681 323
682 333
682 407
682 838
682 324
682 593
682 806
682 392
683 336
683 362
683 774
683 345
683 815
683 325
683 858
684 482
684 340
684 759
684 796
684 582
684 456
684 327
685 423
685 350
685 425
685 633
685 329
685 414
685 784
686 349
686 559
686 485
686 455
686 330
686 549
686 620
687 351
687 791
687 557
687 491
687 446
687 704
687 331
688 361
688 592
688 861
688 854
688 503
688 332
688 554
689 356
689 689
689 567
689 334
689 722
689 751
689 585
690 463
690 463
690 393
690 555
690 555
690 335
690 335
691 461
691 858
691 541
691 757
691 336
691 862
691 849
692 462
692 542
692 815
692 336
692 854
692 658
692 732
693 455
693 845
693 669
693 338
693 559
693 816
693 660
694 796
694 697
694 457
694 588
694 783
694 653
694 340
695 860
695 456
695 456
695 719
695 340
695 719
695 340
696 442
696 442
696 798
696 626
696 341
696 626
696 341
697 466
697 446
697 694
697 351
697 342
697 498
697 666
698 472
698 822
698 440
698 486
698 512
698 411
698 343
699 603
699 609
699 449
699 537
699 863
699 345
699 753
700 525
700 786
700 435
700 792
700 346
700 841
700 604
701 476
701 476
701 855
701 348
701 348
701 763
701 763
702 549
702 478
702 780
702 427
702 852
702 349
702 767
703 620
703 779
703 477
703 469
703 820
703 349
703 507
704 467
704 788
704 704
704 704
704 687
704 832
704 351
705 506
705 411
705 386
705 352
705 519
705 662
705 822
706 483
706 660
706 430
706 455
706 502
706 353
706 851
707 638
707 707
707 427
707 480
707 355
707 744
707 780
708 741
708 423
708 397
708 388
708 534
708 360
708 864
709 805
709 424
709 503
709 361
709 575
709 709
709 468
710 425
710 621
710 854
710 802
710 361
710 542
710 659
711 500
711 500
711 371
711 470
711 364
711 364
711 470
712 519
712 375
712 616
712 367
712 681
712 585
712 506
713 520
713 376
713 823
713 736
713 553
713 770
713 367
714 498
714 371
714 498
714 466
714 368
714 466
714 368
715 370
715 580
715 421
715 663
715 368
715 515
715 413
716 515
716 642
716 409
716 842
716 370
716 862
716 479
717 470
717 408
717 466
717 371
717 408
717 608
717 775
718 416
718 761
718 545
718 372
718 718
718 733
718 751
719 843
719 415
719 543
719 644
719 695
719 372
719 811
720 404
720 560
720 558
720 853
720 595
720 586
720 373
721 506
721 398
721 721
721 612
721 865
721 460
721 375
722 722
722 585
722 399
722 375
722 689
722 551
722 567
723 396
723 770
723 770
723 376
723 739
723 739
723 376
724 389
724 571
724 679
724 650
724 378
724 677
724 510
725 655
725 382
725 728
725 633
725 725
725 652
725 380
726 486
726 385
726 486
726 472
726 472
726 381
726 381
727 609
727 652
727 389
727 650
727 826
727 737
727 382
728 387
728 608
728 725
728 604
728 382
728 470
728 590
729 611
729 824
729 392
729 866
729 838
729 736
729 383
730 409
730 519
730 507
730 867
730 847
730 477
730 386
731 396
731 590
731 590
731 851
731 387
731 851
731 387
732 677
732 394
732 737
732 675
732 389
732 634
732 692
733 561
733 563
733 402
733 718
733 639
733 768
733 391
734 825
734 405
734 866
734 852
734 392
734 392
734 852
735 790
735 634
735 435
735 859
735 529
735 394
735 625
736 530
736 436
736 675
736 713
736 394
736 729
736 436
737 500
737 450
737 732
737 727
737 395
737 815
737 657
738 449
738 611
738 499
738 395
738 868
738 536
738 853
739 739
739 448
739 851
739 396
739 818
739 483
739 723
740 678
740 864
740 446
740 535
740 397
740 676
740 791
741 442
741 708
741 865
741 398
741 664
741 799
741 771
742 440
742 512
742 551
742 399
742 750
742 465
742 440
743 753
743 853
743 464
743 449
743 627
743 404
743 826
744 586
744 465
744 744
744 418
744 551
744 707
744 404
745 458
745 459
745 852
745 434
745 405
745 780
745 842
746 820
746 461
746 520
746 406
746 477
746 785
746 756
747 479
747 847
747 479
747 409
747 438
747 409
747 438
748 477
748 477
748 862
748 461
748 461
748 409
748 409
749 842
749 478
749 867
749 832
749 852
749 409
749 587
750 811
750 429
750 429
750 415
750 742
750 742
750 415
751 433
751 751
751 760
751 689
751 785
751 718
751 416
752 517
752 832
752 427
752 478
752 788
752 417
752 814
753 837
753 743
753 524
753 837
753 699
753 818
753 418
754 526
754 844
754 526
754 419
754 676
754 676
754 419
755 529
755 610
755 800
755 420
755 536
755 790
755 809
756 864
756 535
756 784
756 810
756 864
756 746
756 423
757 784
757 541
757 659
757 618
757 869
757 691
757 425
758 536
758 570
758 636
758 640
758 529
758 499
758 426
759 550
759 684
759 851
759 430
759 630
759 590
759 533
760 556
760 597
760 751
760 432
760 567
760 849
760 545
761 554
761 718
761 596
761 433
761 563
761 592
761 545
762 555
762 555
762 516
762 434
762 434
762 463
762 463
763 859
763 527
763 792
763 701
763 632
763 435
763 807
764 529
764 529
764 841
764 570
764 435
764 570
764 435
765 552
765 598
765 568
765 505
765 856
765 829
765 439
766 549
766 626
766 664
766 485
766 649
766 654
766 442
767 583
767 553
767 643
767 490
767 702
767 444
767 823
768 607
768 555
768 518
768 445
768 463
768 768
768 733
769 556
769 666
769 676
769 569
769 446
769 870
769 844
770 723
770 535
770 533
770 448
770 713
770 851
770 678
771 532
771 534
771 818
771 671
771 837
771 448
771 741
772 536
772 863
772 536
772 800
772 449
772 449
772 800
773 537
773 537
773 868
773 497
773 449
773 497
773 449
774 815
774 538
774 683
774 774
774 840
774 450
774 673
775 789
775 661
775 490
775 588
775 451
775 717
775 583
776 798
776 488
776 488
776 451
776 451
776 776
776 776
777 492
777 791
777 810
777 848
777 864
777 795
777 452
778 627
778 486
778 509
778 827
778 464
778 454
778 822
779 481
779 703
779 588
779 457
779 546
779 490
779 637
780 783
780 480
780 702
780 457
780 707
780 745
780 553
781 842
781 496
781 600
781 458
781 515
781 587
781 496
782 497
782 842
782 575
782 459
782 868
782 805
782 642
783 574
783 498
783 780
783 459
783 638
783 694
783 504
784 756
784 505
784 757
784 799
784 568
784 685
784 461
785 504
785 849
785 785
785 751
785 461
785 574
785 746
786 854
786 503
786 700
786 802
786 462
786 624
786 861
787 608
787 497
787 666
787 466
787 656
787 871
787 537
788 494
788 704
788 795
788 467
788 752
788 791
788 653
789 775
789 499
789 850
789 804
789 636
789 470
789 587
790 735
790 597
790 492
790 501
790 869
790 474
790 755
791 510
791 687
791 777
791 740
791 475
791 788
791 679
792 513
792 624
792 763
792 476
792 700
792 624
792 614
793 516
793 852
793 852
793 825
793 478
793 478
793 825
794 637
794 855
794 637
794 869
794 869
794 481
794 481
795 564
795 788
795 582
795 482
795 517
795 777
795 565
796 630
796 694
796 796
796 684
796 804
796 574
796 482
797 593
797 624
797 575
797 513
797 503
797 838
797 484
798 640
798 776
798 696
798 636
798 488
798 488
798 636
799 647
799 864
799 869
799 492
799 637
799 741
799 784
800 646
800 755
800 848
800 492
800 772
800 573
800 619
801 601
801 587
801 808
801 496
801 546
801 867
801 850
802 871
802 604
802 805
802 497
802 710
802 608
802 786
803 587
803 587
803 868
803 842
803 499
803 842
803 499
804 804
804 853
804 588
804 796
804 499
804 789
804 558
805 802
805 591
805 709
805 503
805 782
805 565
805 621
806 615
806 662
806 612
806 682
806 506
806 857
806 539
807 614
807 865
807 822
807 506
807 763
807 627
807 831
808 801
808 621
808 867
808 507
808 808
808 591
808 654
809 619
809 619
809 847
809 507
809 755
809 507
809 755
810 827
810 568
810 777
810 857
810 509
810 756
810 582
811 821
811 572
811 750
811 512
811 719
811 512
811 719
812 579
812 579
812 862
812 515
812 515
812 858
812 858
813 585
813 585
813 847
813 519
813 567
813 567
813 519
814 681
814 586
814 867
814 601
814 752
814 519
814 560
815 692
815 644
815 774
815 683
815 737
815 521
815 843
816 645
816 857
816 829
816 521
816 693
816 568
816 615
817 855
817 649
817 649
817 522
817 664
817 522
817 664
818 818
818 627
818 771
818 865
818 739
818 753
818 524
819 841
819 639
819 639
819 525
819 525
819 563
819 563
820 637
820 746
820 676
820 864
820 703
820 526
820 849
821 811
821 632
821 632
821 527
821 527
821 843
821 843
822 698
822 807
822 631
822 705
822 527
822 778
822 617
823 600
823 713
823 629
823 767
823 622
823 533
823 530
824 729
824 630
824 579
824 828
824 836
824 530
824 550
825 628
825 628
825 734
825 793
825 531
825 793
825 531
826 599
826 850
826 837
826 727
826 743
826 532
826 601
827 810
827 851
827 605
827 778
827 660
827 535
827 590
828 838
828 840
828 614
828 834
828 538
828 624
828 824
829 816
829 616
829 673
829 538
829 765
829 673
829 669
830 862
830 618
830 618
830 642
830 642
830 541
830 541
831 869
831 617
831 849
831 541
831 637
831 807
831 597
832 591
832 832
832 752
832 749
832 867
832 544
832 704
833 560
833 852
833 654
833 581
833 866
833 867
833 549
834 849
834 566
834 870
834 828
834 676
834 858
834 556
835 567
835 567
835 844
835 585
835 556
835 585
835 556
836 853
836 665
836 866
836 824
836 654
836 560
836 611
837 826
837 753
837 667
837 753
837 771
837 609
837 562
838 839
838 682
838 828
838 729
838 566
838 797
838 615
839 868
839 838
839 838
839 611
839 611
839 575
839 575
840 843
840 858
840 828
840 632
840 579
840 870
840 774
841 819
841 861
841 764
841 700
841 700
841 584
841 584
842 782
842 749
842 781
842 745
842 591
842 716
842 803
843 719
843 854
843 840
843 592
843 821
843 815
843 860
844 754
844 835
844 856
844 769
844 598
844 598
844 769
845 693
845 863
845 693
845 603
845 857
845 857
845 603
846 863
846 650
846 650
846 609
846 609
846 679
846 679
847 747
847 813
847 809
847 610
847 730
847 610
847 730
848 679
848 800
848 857
848 612
848 777
848 863
848 635
849 834
849 831
849 785
849 691
849 760
849 614
849 820
850 654
850 826
850 789
850 853
850 801
850 626
850 652
851 739
851 827
851 759
851 706
851 731
851 770
851 627
852 833
852 745
852 793
852 749
852 628
852 702
852 734
853 804
853 836
853 743
853 738
853 850
853 720
853 630
854 710
854 843
854 786
854 692
854 688
854 871
854 632
855 701
855 817
855 794
855 859
855 648
855 859
855 648
856 844
856 656
856 656
856 666
856 765
856 765
856 666
857 848
857 816
857 660
857 806
857 658
857 810
857 845
858 691
858 665
858 840
858 683
858 834
858 812
858 659
859 664
859 763
859 869
859 865
859 659
859 855
859 735
860 695
860 871
860 870
860 666
860 666
860 843
860 843
861 841
861 688
861 688
861 674
861 674
861 786
861 786
862 830
862 748
862 812
862 691
862 716
862 691
862 716
863 845
863 772
863 846
863 699
863 699
863 848
863 848
864 756
864 740
864 799
864 777
864 708
864 756
864 820
865 807
865 865
865 741
865 859
865 721
865 818
865 869
866 836
866 734
866 836
866 833
866 729
866 729
866 833
867 749
867 814
867 808
867 801
867 832
867 833
867 730
868 773
868 839
868 803
868 782
868 738
868 738
868 782
869 831
869 859
869 799
869 865
869 790
869 757
869 794
870 860
870 834
870 834
870 840
870 769
870 840
870 769
871 860
871 802
871 802
871 854
871 787
871 854
871 787
