1 2
1 2
1 1
1 3
1 3
1 3
1 3
2 4
2 1
2 4
2 5
2 6
2 6
2 5
3 3
3 5
3 6
3 7
3 8
3 9
3 1
4 2
4 10
4 11
4 12
4 13
4 14
4 15
5 3
5 15
5 14
5 2
5 16
5 17
5 18
6 13
6 12
6 3
6 2
6 19
6 20
6 21
7 18
7 7
7 21
7 22
7 3
7 23
7 24
8 19
8 16
8 9
8 25
8 26
8 27
8 3
9 20
9 17
9 8
9 28
9 3
9 29
9 30
10 31
10 4
10 32
10 33
10 34
10 35
10 36
11 37
11 4
11 38
11 39
11 40
11 41
11 42
12 34
12 6
12 42
12 43
12 4
12 44
12 45
13 6
13 36
13 40
13 46
13 4
13 47
13 48
14 33
14 5
14 39
14 4
14 49
14 50
14 51
15 5
15 41
15 35
15 52
15 53
15 4
15 54
16 52
16 49
16 8
16 55
16 56
16 57
16 5
17 9
17 51
17 53
17 58
17 59
17 5
17 60
18 7
18 54
18 50
18 61
18 62
18 5
18 63
19 44
19 8
19 48
19 64
19 65
19 66
19 6
20 9
20 43
20 46
20 6
20 67
20 68
20 69
21 7
21 45
21 47
21 70
21 71
21 6
21 72
22 62
22 72
22 23
22 7
22 73
22 74
22 75
23 70
23 22
23 63
23 7
23 76
23 77
23 78
24 61
24 71
24 24
24 79
24 80
24 81
24 7
25 66
25 29
25 56
25 8
25 82
25 83
25 84
26 65
26 28
26 55
26 85
26 86
26 8
26 87
27 30
27 57
27 64
27 88
27 89
27 8
27 90
28 68
28 59
28 26
28 91
28 9
28 92
28 93
29 60
29 67
29 25
29 9
29 94
29 95
29 96
30 58
30 69
30 27
30 97
30 9
30 98
30 99
31 100
31 10
31 101
31 102
31 103
31 104
31 105
32 106
32 10
32 107
32 108
32 109
32 110
32 111
33 109
33 103
33 14
33 112
33 113
33 10
33 114
34 111
34 102
34 12
34 10
34 115
34 116
34 117
35 105
35 110
35 15
35 118
35 119
35 120
35 10
36 104
36 13
36 108
36 10
36 121
36 122
36 123
37 11
37 124
37 125
37 126
37 127
37 128
37 129
38 130
38 11
38 131
38 132
38 133
38 134
38 135
39 127
39 14
39 132
39 136
39 137
39 11
39 138
40 126
40 135
40 13
40 139
40 140
40 141
40 11
41 15
41 128
41 133
41 11
41 142
41 143
41 144
42 134
42 129
42 12
42 145
42 146
42 147
42 11
43 145
43 20
43 116
43 102
43 148
43 12
43 149
44 117
44 19
44 146
44 150
44 151
44 152
44 12
45 115
45 21
45 147
45 153
45 154
45 12
45 115
46 20
46 121
46 141
46 155
46 156
46 13
46 157
47 139
47 21
47 122
47 158
47 159
47 160
47 13
48 140
48 19
48 123
48 13
48 161
48 162
48 163
49 136
49 16
49 113
49 164
49 14
49 165
49 166
50 137
50 18
50 112
50 167
50 132
50 14
50 168
51 17
51 138
51 114
51 14
51 169
51 170
51 109
52 16
52 119
52 143
52 15
52 171
52 172
52 173
53 118
53 142
53 17
53 174
53 175
53 15
53 176
54 120
54 18
54 144
54 15
54 177
54 178
54 179
55 165
55 26
55 172
55 180
55 181
55 143
55 16
56 25
56 166
56 171
56 182
56 16
56 183
56 184
57 164
57 173
57 27
57 185
57 186
57 187
57 16
58 109
58 174
58 30
58 188
58 106
58 189
58 17
59 28
59 170
59 175
59 190
59 191
59 192
59 17
60 29
60 176
60 169
60 193
60 194
60 195
60 17
61 177
61 167
61 24
61 18
61 196
61 197
61 198
62 22
62 168
62 178
62 199
62 200
62 201
62 18
63 23
63 132
63 179
63 202
63 18
63 130
63 203
64 27
64 150
64 161
64 19
64 204
64 205
64 206
65 26
65 162
65 152
65 207
65 208
65 209
65 19
66 25
66 151
66 163
66 19
66 210
66 211
66 212
67 29
67 102
67 157
67 213
67 214
67 20
67 101
68 148
68 28
68 156
68 141
68 215
68 20
68 216
69 155
69 30
69 149
69 217
69 218
69 219
69 20
70 23
70 153
70 160
70 220
70 221
70 21
70 222
71 115
71 24
71 159
71 21
71 223
71 111
71 224
72 154
72 158
72 22
72 225
72 226
72 21
72 139
73 226
73 201
73 77
73 22
73 227
73 228
73 229
74 199
74 78
74 225
74 230
74 231
74 22
74 232
75 139
75 76
75 200
75 222
75 22
75 126
75 233
76 222
76 75
76 203
76 23
76 234
76 235
76 76
77 73
77 220
77 130
77 236
77 237
77 23
77 238
78 202
78 221
78 74
78 239
78 240
78 241
78 23
79 198
79 111
79 79
79 107
79 242
79 243
79 24
80 81
80 223
80 197
80 244
80 24
80 245
80 246
81 224
81 80
81 196
81 247
81 248
81 24
81 249
82 96
82 212
82 183
82 25
82 82
82 250
82 251
83 211
83 184
83 94
83 252
83 253
83 184
83 25
84 210
84 95
84 182
84 254
84 255
84 25
84 256
85 208
85 180
85 91
85 26
85 165
85 257
85 258
86 143
86 92
86 209
86 133
86 259
86 26
86 260
87 207
87 93
87 181
87 165
87 26
87 261
87 262
88 186
88 97
88 205
88 263
88 27
88 264
88 265
89 187
89 204
89 98
89 266
89 27
89 267
89 268
90 206
90 99
90 185
90 269
90 270
90 271
90 27
91 191
91 85
91 216
91 272
91 273
91 274
91 28
92 86
92 215
92 190
92 275
92 276
92 277
92 28
93 192
93 87
93 141
93 126
93 28
93 278
93 279
94 195
94 213
94 83
94 280
94 281
94 282
94 29
95 84
95 194
95 214
95 283
95 29
95 284
95 285
96 101
96 193
96 82
96 286
96 183
96 29
96 287
97 218
97 88
97 106
97 288
97 289
97 290
97 30
98 89
98 188
98 217
98 291
98 292
98 293
98 30
99 189
99 90
99 219
99 294
99 30
99 295
99 296
100 297
100 298
100 31
100 299
100 300
100 301
100 302
101 96
101 31
101 233
101 303
101 67
101 200
101 304
102 34
102 299
102 67
102 305
102 31
102 306
102 43
103 33
103 303
103 301
103 307
103 308
103 31
103 309
104 304
104 36
104 300
104 31
104 310
104 311
104 312
105 302
105 35
105 200
105 178
105 31
105 313
105 314
106 32
106 97
106 315
106 316
106 317
106 58
106 318
107 319
107 32
107 242
107 320
107 321
107 322
107 79
108 36
108 322
108 318
108 323
108 32
108 324
108 325
109 320
109 58
109 33
109 32
109 326
109 320
109 51
110 321
110 316
110 35
110 32
110 327
110 328
110 329
111 34
111 317
111 79
111 32
111 330
111 331
111 71
112 309
112 50
112 320
112 332
112 242
112 333
112 33
113 307
113 49
113 326
113 334
113 335
113 33
113 278
114 51
114 51
114 308
114 336
114 33
114 336
114 33
115 45
115 71
115 306
115 337
115 45
115 338
115 34
116 43
116 330
116 43
116 34
116 339
116 339
116 34
117 305
117 331
117 44
117 34
117 340
117 341
117 342
118 53
118 313
118 328
118 343
118 344
118 345
118 35
119 329
119 52
119 314
119 346
119 347
119 348
119 35
120 54
120 327
120 178
120 349
120 35
120 120
120 350
121 323
121 46
121 310
121 36
121 351
121 291
121 352
122 47
122 311
122 324
122 353
122 36
122 354
122 355
123 325
123 312
123 48
123 356
123 36
123 357
123 358
124 359
124 37
124 360
124 361
124 235
124 362
124 363
125 364
125 37
125 365
125 366
125 261
125 367
125 368
126 261
126 40
126 235
126 75
126 37
126 93
126 369
127 362
127 39
127 366
127 370
127 371
127 372
127 37
128 41
128 368
128 361
128 373
128 37
128 374
128 353
129 363
129 367
129 42
129 375
129 37
129 376
129 377
130 38
130 378
130 77
130 63
130 379
130 380
130 276
131 381
131 382
131 38
131 333
131 383
131 384
131 385
132 333
132 39
132 63
132 386
132 333
132 50
132 38
133 385
133 276
133 41
133 387
133 38
133 86
133 388
134 384
134 379
134 42
134 38
134 389
134 390
134 391
135 383
135 380
135 40
135 392
135 393
135 394
135 38
136 386
136 49
136 371
136 395
136 396
136 274
136 39
137 372
137 50
137 50
137 397
137 39
137 397
137 39
138 370
138 333
138 51
138 382
138 320
138 39
138 398
139 47
139 393
139 75
139 399
139 72
139 40
139 400
140 392
140 48
140 369
140 401
140 40
140 402
140 403
141 46
141 394
141 93
141 404
141 40
141 405
141 68
142 374
142 387
142 53
142 284
142 41
142 406
142 407
143 52
143 86
143 353
143 311
143 264
143 41
143 55
144 54
144 373
144 388
144 408
144 41
144 409
144 410
145 43
145 376
145 391
145 42
145 411
145 299
145 412
146 44
146 377
146 390
146 413
146 414
146 415
146 42
147 389
147 45
147 375
147 42
147 306
147 416
147 417
148 339
148 68
148 411
148 418
148 43
148 394
148 419
149 412
149 339
149 69
149 43
149 420
149 421
149 422
150 64
150 342
150 414
150 423
150 424
150 44
150 425
151 413
151 66
151 340
151 426
151 44
151 427
151 428
152 415
152 65
152 341
152 44
152 429
152 341
152 430
153 338
153 70
153 417
153 431
153 432
153 45
153 433
154 416
154 72
154 337
154 45
154 434
154 396
154 393
155 404
155 69
155 352
155 435
155 436
155 46
155 407
156 68
156 351
156 68
156 46
156 46
156 437
156 437
157 405
157 67
157 291
157 46
157 233
157 438
157 188
158 72
158 354
158 72
158 47
158 439
158 47
158 439
159 71
159 400
159 353
159 47
159 317
159 368
159 278
160 70
160 399
160 355
160 440
160 399
160 441
160 47
161 358
161 401
161 64
161 48
161 442
161 443
161 444
162 356
162 402
162 65
162 445
162 48
162 446
162 447
163 66
163 357
163 403
163 48
163 448
163 449
163 450
164 57
164 396
164 334
164 416
164 49
164 451
164 452
165 278
165 55
165 274
165 87
165 85
165 49
165 353
166 56
166 395
166 335
166 453
166 454
166 49
166 455
167 61
167 242
167 397
167 50
167 198
167 456
167 457
168 62
168 332
168 397
168 287
168 458
168 459
168 50
169 336
169 60
169 382
169 460
169 51
169 461
169 462
170 398
170 59
170 336
170 463
170 244
170 51
170 464
171 56
171 311
171 347
171 280
171 52
171 465
171 304
172 348
172 55
172 55
172 52
172 52
172 348
172 348
173 264
173 346
173 57
173 186
173 466
173 52
173 467
174 58
174 343
174 284
174 53
174 214
174 468
174 315
175 406
175 344
175 59
175 469
175 470
175 313
175 53
176 60
176 345
176 407
176 352
176 53
176 471
176 472
177 409
177 61
177 349
177 54
177 473
177 474
177 475
178 408
178 120
178 62
178 476
178 477
178 105
178 54
179 63
179 410
179 350
179 54
179 378
179 478
179 479
180 85
180 85
180 348
180 55
180 329
180 55
180 329
181 87
181 87
181 348
181 314
181 55
181 55
181 314
182 465
182 84
182 453
182 480
182 56
182 481
182 482
183 82
183 304
183 454
183 483
183 56
183 96
183 484
184 455
184 280
184 83
184 56
184 83
184 485
184 486
185 90
185 466
185 452
185 487
185 488
185 57
185 439
186 416
186 88
186 186
186 173
186 375
186 57
186 489
187 89
187 467
187 451
187 420
187 490
187 491
187 57
188 214
188 98
188 326
188 58
188 492
188 157
188 493
189 99
189 320
189 468
189 319
189 370
189 494
189 58
190 470
190 92
190 463
190 495
190 444
190 496
190 59
191 464
191 469
191 91
191 497
191 59
191 498
191 499
192 244
192 313
192 93
192 235
192 59
192 223
192 302
193 96
193 462
193 472
193 500
193 501
193 454
193 60
194 95
194 461
194 352
194 323
194 502
194 503
194 60
195 94
195 471
195 460
195 60
195 504
195 505
195 506
196 473
196 456
196 81
196 507
196 61
196 508
196 509
197 474
197 457
197 80
197 61
197 510
197 511
197 512
198 79
198 475
198 198
198 319
198 61
198 243
198 167
199 458
199 477
199 74
199 513
199 477
199 62
199 514
200 287
200 75
200 105
200 101
200 432
200 62
200 261
201 459
201 73
201 476
201 515
201 516
201 62
201 517
202 333
202 479
202 78
202 518
202 381
202 63
202 309
203 386
203 76
203 478
203 203
203 519
203 520
203 63
204 442
204 89
204 424
204 64
204 521
204 449
204 522
205 423
205 88
205 443
205 64
205 523
205 259
205 524
206 90
206 444
206 425
206 470
206 525
206 513
206 64
207 447
207 87
207 430
207 526
207 274
207 527
207 65
208 429
208 85
208 446
208 231
208 528
208 65
208 278
209 445
209 86
209 341
209 331
209 480
209 385
209 65
210 84
210 427
210 449
210 66
210 283
210 529
210 442
211 428
211 450
211 83
211 66
211 253
211 455
211 530
212 426
212 82
212 448
212 531
212 66
212 240
212 212
213 305
213 94
213 438
213 532
213 533
213 534
213 67
214 306
214 95
214 188
214 67
214 389
214 535
214 174
215 437
215 92
215 419
215 536
215 238
215 537
215 68
216 418
216 91
216 437
216 68
216 538
216 539
216 540
217 98
217 422
217 407
217 541
217 69
217 542
217 387
218 436
218 420
218 97
218 69
218 543
218 544
218 467
219 435
219 99
219 421
219 545
219 69
219 546
219 547
220 77
220 440
220 431
220 548
220 549
220 550
220 70
221 78
221 441
221 433
221 250
221 551
221 552
221 70
222 399
222 76
222 432
222 553
222 75
222 70
222 554
223 338
223 80
223 278
223 307
223 446
223 192
223 71
224 81
224 368
224 337
224 555
224 364
224 71
224 556
225 74
225 434
225 439
225 466
225 257
225 72
225 557
226 73
226 439
226 396
226 72
226 452
226 539
226 371
227 236
227 452
227 517
227 236
227 334
227 558
227 73
228 516
228 371
228 237
228 559
228 362
228 516
228 73
229 539
229 515
229 238
229 437
229 263
229 560
229 73
230 514
230 240
230 466
230 264
230 74
230 561
230 448
231 257
231 513
231 239
231 425
231 74
231 562
231 208
232 557
232 241
232 477
232 563
232 564
232 74
232 408
233 234
233 101
233 400
233 75
233 561
233 157
233 565
234 520
234 554
234 233
234 291
234 76
234 566
234 567
235 126
235 519
235 553
235 192
235 76
235 124
235 568
236 550
236 227
236 379
236 77
236 569
236 227
236 570
237 380
237 228
237 549
237 571
237 572
237 573
237 77
238 229
238 276
238 548
238 77
238 215
238 574
238 290
239 381
239 231
239 551
239 78
239 429
239 575
239 562
240 250
240 230
240 309
240 259
240 303
240 78
240 212
241 518
241 552
241 232
241 78
241 576
241 577
241 578
242 331
242 107
242 167
242 445
242 112
242 579
242 79
243 330
243 243
243 243
243 198
243 79
243 198
243 79
244 511
244 192
244 247
244 80
244 580
244 170
244 519
245 510
245 249
245 446
245 402
245 80
245 581
245 582
246 512
246 248
246 307
246 583
246 80
246 301
246 248
247 244
247 555
247 507
247 584
247 81
247 398
247 585
248 556
248 508
248 246
248 81
248 246
248 586
248 587
249 245
249 509
249 364
249 588
249 589
249 563
249 81
250 240
250 286
250 483
250 277
250 221
250 286
250 82
251 484
251 287
251 531
251 82
251 590
251 332
251 591
252 486
252 530
252 282
252 592
252 498
252 593
252 83
253 253
253 485
253 281
253 211
253 594
253 562
253 83
254 529
254 480
254 284
254 374
254 595
254 445
254 84
255 481
255 283
255 283
255 596
255 84
255 596
255 84
256 285
256 442
256 482
256 84
256 597
256 598
256 401
257 231
257 272
257 329
257 321
257 599
257 85
257 225
258 528
258 273
258 329
258 316
258 600
258 85
258 601
259 277
259 331
259 264
259 86
259 240
259 317
259 205
260 275
260 480
260 311
260 86
260 577
260 465
260 300
261 314
261 126
261 527
261 602
261 125
261 200
261 87
262 314
262 279
262 526
262 302
262 87
262 603
262 604
263 290
263 523
263 489
263 545
263 88
263 229
263 605
264 173
264 289
264 259
264 289
264 230
264 88
264 143
265 375
265 524
265 288
265 88
265 606
265 367
265 607
266 449
266 292
266 491
266 89
266 493
266 608
266 403
267 490
267 291
267 522
267 609
267 520
267 310
267 89
268 293
268 420
268 521
268 412
268 89
268 610
268 611
269 487
269 294
269 470
269 406
269 612
269 613
269 90
270 513
270 295
270 488
270 614
270 615
270 90
270 458
271 296
271 525
271 439
271 499
271 616
271 90
271 354
272 257
272 539
272 499
272 579
272 91
272 499
272 439
273 258
273 540
273 498
273 617
273 91
273 618
273 530
274 538
274 497
274 165
274 619
274 91
274 207
274 136
275 537
275 444
275 260
275 92
275 563
275 620
275 358
276 495
276 238
276 133
276 130
276 621
276 543
276 92
277 536
277 259
277 496
277 622
277 443
277 250
277 92
278 165
278 223
278 405
278 208
278 159
278 113
278 93
279 404
279 302
279 262
279 279
279 623
279 297
279 93
280 532
280 184
280 504
280 624
280 94
280 625
280 171
281 534
281 505
281 253
281 626
281 428
281 94
281 627
282 506
282 533
282 252
282 94
282 628
282 629
282 630
283 255
283 389
283 503
283 631
283 384
283 95
283 210
284 323
284 254
284 174
284 632
284 142
284 95
284 322
285 256
285 535
285 502
285 610
285 95
285 633
285 634
286 250
286 303
286 501
286 96
286 433
286 250
286 496
287 500
287 251
287 200
287 527
287 168
287 96
287 635
288 316
288 544
288 265
288 636
288 97
288 637
288 528
289 467
289 264
289 317
289 514
289 353
289 264
289 97
290 318
290 543
290 263
290 238
290 638
290 639
290 97
291 267
291 157
291 387
291 121
291 98
291 234
291 385
292 493
292 541
292 266
292 640
292 641
292 292
292 98
293 542
293 268
293 492
293 642
293 643
293 644
293 98
294 494
294 269
294 547
294 645
294 99
294 646
294 647
295 546
295 270
295 319
295 475
295 626
295 648
295 99
296 545
296 370
296 271
296 366
296 99
296 523
296 649
297 650
297 100
297 603
297 279
297 587
297 651
297 652
298 442
298 411
298 100
298 376
298 580
298 358
298 427
299 651
299 376
299 102
299 629
299 145
299 100
299 363
300 104
300 652
300 358
300 260
300 100
300 653
300 312
301 587
301 427
301 103
301 340
301 246
301 654
301 100
302 580
302 105
302 279
302 262
302 408
302 100
302 192
303 286
303 561
303 103
303 240
303 655
303 656
303 101
304 104
304 565
304 183
304 657
304 658
304 101
304 171
305 213
305 629
305 117
305 102
305 659
305 660
305 533
306 214
306 363
306 115
306 343
306 102
306 360
306 147
307 113
307 656
307 246
307 508
307 103
307 661
307 223
308 655
308 114
308 654
308 103
308 103
308 662
308 662
309 340
309 112
309 240
309 103
309 426
309 331
309 202
310 121
310 653
310 657
310 104
310 663
310 664
310 267
311 171
311 122
311 260
311 504
311 104
311 143
311 665
312 312
312 123
312 658
312 666
312 667
312 300
312 104
313 432
313 118
313 192
313 338
313 105
313 175
313 553
314 262
314 119
314 261
314 181
314 105
314 365
314 668
315 632
315 106
315 592
315 174
315 622
315 530
315 669
316 110
316 530
316 288
316 106
316 670
316 258
316 450
317 622
317 289
317 111
317 259
317 106
317 159
317 671
318 108
318 669
318 290
318 672
318 548
318 106
318 673
319 107
319 295
319 319
319 189
319 468
319 562
319 198
320 112
320 109
320 189
320 138
320 674
320 109
320 107
321 579
321 110
321 562
321 485
321 551
321 107
321 257
322 445
322 108
322 468
322 107
322 675
322 284
322 356
323 284
323 673
323 121
323 676
323 194
323 387
323 108
324 675
324 672
324 122
324 619
324 677
324 649
324 108
325 123
325 548
325 356
325 325
325 431
325 678
325 108
326 674
326 113
326 188
326 679
326 109
326 405
326 569
327 120
327 450
327 485
327 110
327 327
327 455
327 403
328 670
328 551
328 118
328 680
328 441
328 681
328 110
329 119
329 257
329 258
329 682
329 434
329 180
329 110
330 671
330 243
330 116
330 111
330 475
330 475
330 111
331 259
331 117
331 242
331 209
331 309
331 111
331 423
332 168
332 426
332 674
332 112
332 413
332 251
332 683
333 138
333 202
333 132
333 112
333 131
333 132
333 684
334 569
334 508
334 164
334 627
334 113
334 227
334 473
335 661
335 166
335 679
335 685
335 686
335 687
335 113
336 170
336 662
336 169
336 605
336 511
336 662
336 114
337 224
337 154
337 360
337 584
337 688
337 115
337 600
338 343
338 153
338 223
338 615
338 313
338 656
338 115
339 475
339 148
339 149
339 116
339 409
339 689
339 546
340 309
340 151
340 659
340 117
340 301
340 690
340 479
341 533
341 152
341 209
341 117
341 152
341 438
341 691
342 150
342 423
342 660
342 599
342 692
342 117
342 342
343 338
343 174
343 680
343 648
343 118
343 592
343 306
344 175
344 681
344 175
344 693
344 118
344 693
344 118
345 176
345 553
345 441
345 399
345 663
345 118
345 694
346 173
346 434
346 668
346 416
346 119
346 695
346 696
347 365
347 171
347 682
347 565
347 119
347 532
347 620
348 181
348 180
348 172
348 119
348 172
348 119
348 172
349 177
349 477
349 403
349 458
349 392
349 491
349 120
350 179
350 476
350 455
350 428
350 120
350 583
350 395
351 156
351 676
351 664
351 121
351 697
351 121
351 697
352 155
352 663
352 194
352 698
352 176
352 121
352 699
353 159
353 143
353 619
353 122
353 165
353 128
353 289
354 649
354 665
354 158
354 271
354 122
354 271
354 122
355 160
355 504
355 677
355 122
355 700
355 701
355 471
356 162
356 325
356 666
356 615
356 322
356 123
356 702
357 431
357 163
357 667
357 123
357 703
357 637
357 417
358 161
358 678
358 300
358 704
358 275
358 298
358 123
359 663
359 705
359 124
359 553
359 607
359 706
359 653
360 337
360 535
360 124
360 573
360 618
360 306
360 519
361 653
361 618
361 128
361 652
361 619
361 124
361 540
362 706
362 573
362 127
362 707
362 124
362 708
362 228
363 607
363 129
363 306
363 680
363 375
363 299
363 124
364 125
364 249
364 600
364 709
364 528
364 224
364 527
365 347
365 125
365 604
365 710
365 616
365 711
365 314
366 127
366 709
366 616
366 296
366 125
366 712
366 713
367 129
367 711
367 528
367 429
367 714
367 125
367 265
368 224
368 128
368 710
368 715
368 159
368 125
368 716
369 568
369 140
369 602
369 640
369 589
369 126
369 634
370 707
370 138
370 296
370 127
370 717
370 189
370 718
371 136
371 712
371 228
371 127
371 538
371 719
371 226
372 708
372 137
372 713
372 127
372 689
372 689
372 127
373 540
373 715
373 144
373 720
373 418
373 128
373 578
374 716
374 652
374 142
374 254
374 128
374 650
374 645
375 147
375 375
375 265
375 363
375 186
375 721
375 129
376 299
376 714
376 145
376 376
376 129
376 298
376 722
377 146
377 429
377 680
377 129
377 551
377 415
377 723
378 130
378 583
378 724
378 179
378 495
378 512
378 641
379 641
379 236
379 134
379 725
379 517
379 493
379 130
380 135
380 237
380 512
380 130
380 474
380 688
380 726
381 239
381 534
381 131
381 438
381 626
381 596
381 202
382 131
382 718
382 169
382 727
382 609
382 728
382 138
383 135
383 728
383 626
383 131
383 582
383 505
383 546
384 134
384 596
384 727
384 131
384 729
384 283
384 730
385 133
385 609
385 438
385 131
385 209
385 611
385 291
386 136
386 203
386 684
386 132
386 584
386 497
386 478
387 291
387 142
387 621
387 554
387 133
387 323
387 217
388 543
388 144
388 611
388 420
388 133
388 623
388 731
389 147
389 283
389 493
389 214
389 449
389 134
389 627
390 517
390 146
390 730
390 134
390 732
390 628
390 459
391 729
391 145
391 725
391 642
391 134
391 651
391 733
392 140
392 582
392 474
392 510
392 135
392 349
392 734
393 139
393 688
393 505
393 735
393 135
393 154
393 471
394 141
394 726
394 546
394 148
394 723
394 135
394 435
395 166
395 478
395 719
395 736
395 350
395 737
395 136
396 584
396 226
396 164
396 136
396 507
396 154
396 738
397 168
397 167
397 689
397 137
397 475
397 560
397 500
398 684
398 717
398 170
398 138
398 739
398 740
398 247
399 222
399 471
399 160
399 741
399 139
399 345
399 160
400 735
400 159
400 233
400 405
400 622
400 710
400 139
401 161
401 634
401 734
401 140
401 740
401 256
401 734
402 510
402 162
402 589
402 140
402 742
402 245
402 457
403 163
403 640
403 349
403 683
403 266
403 327
403 140
404 435
404 155
404 279
404 743
404 141
404 650
404 404
405 278
405 157
405 723
405 429
405 400
405 141
405 326
406 554
406 175
406 645
406 432
406 142
406 566
406 269
407 650
407 176
407 217
407 142
407 155
407 744
407 745
408 178
408 578
408 623
408 232
408 144
408 746
408 302
409 177
409 420
409 418
409 451
409 144
409 572
409 339
410 731
410 179
410 720
410 144
410 747
410 748
410 724
411 148
411 298
411 733
411 145
411 585
411 678
411 726
412 642
412 149
412 722
412 145
412 268
412 749
412 750
413 459
413 151
413 723
413 332
413 726
413 146
413 751
414 150
414 732
414 551
414 433
414 579
414 146
414 575
415 152
415 415
415 628
415 146
415 377
415 752
415 533
416 627
416 186
416 154
416 147
416 346
416 164
416 505
417 449
417 721
417 153
417 147
417 357
417 424
417 635
418 216
418 585
418 409
418 559
418 148
418 507
418 373
419 689
419 215
419 678
419 548
419 148
419 713
419 753
420 268
420 218
420 409
420 149
420 754
420 388
420 187
421 219
421 750
421 546
421 421
421 728
421 149
421 647
422 749
422 217
422 689
422 149
422 621
422 755
422 708
423 205
423 342
423 579
423 331
423 756
423 499
423 150
424 433
424 692
424 204
424 417
424 501
424 150
424 757
425 206
425 599
425 575
425 693
425 231
425 758
425 150
426 690
426 332
426 212
426 448
426 531
426 309
426 151
427 210
427 726
427 301
427 151
427 503
427 298
427 512
428 751
428 479
428 211
428 350
428 281
428 151
428 759
429 377
429 208
429 438
429 405
429 367
429 239
429 152
430 207
430 691
430 752
430 152
430 497
430 591
430 737
431 615
431 357
431 220
431 488
431 325
431 153
431 760
432 313
432 635
432 222
432 761
432 406
432 200
432 153
433 221
433 424
433 656
433 624
433 153
433 286
433 414
434 225
434 600
434 346
434 695
434 329
434 762
434 154
435 698
435 219
435 404
435 394
435 763
435 155
435 639
436 699
436 218
436 743
436 764
436 155
436 696
436 765
437 216
437 697
437 215
437 766
437 156
437 229
437 767
438 213
438 429
438 385
438 381
438 341
438 157
438 711
439 271
439 225
439 226
439 712
439 158
439 185
439 272
440 220
440 701
440 741
440 160
440 768
440 769
440 574
441 700
441 221
441 345
441 160
441 328
441 483
441 700
442 298
442 204
442 256
442 714
442 161
442 210
442 770
443 740
443 704
443 205
443 161
443 771
443 717
443 277
444 734
444 275
444 206
444 772
444 190
444 161
444 582
445 457
445 209
445 322
445 162
445 254
445 609
445 242
446 615
446 208
446 245
446 162
446 513
446 223
446 588
447 207
447 742
447 702
447 538
447 773
447 162
447 589
448 703
448 683
448 212
448 230
448 426
448 163
448 703
449 210
449 266
449 417
449 204
449 163
449 389
449 774
450 637
450 327
450 211
450 485
450 163
450 685
450 316
451 473
451 187
451 507
451 409
451 164
451 473
451 775
452 738
452 185
452 227
452 550
452 226
452 776
452 164
453 737
453 182
453 687
453 166
453 598
453 691
453 777
454 183
454 736
454 686
454 679
454 166
454 694
454 193
455 184
455 685
455 350
455 211
455 327
455 661
455 166
456 560
456 579
456 196
456 778
456 732
456 167
456 539
457 500
457 197
457 445
457 529
457 402
457 167
457 462
458 199
458 683
458 475
458 270
458 168
458 349
458 671
459 413
459 560
459 201
459 515
459 571
459 390
459 168
460 728
460 195
460 605
460 169
460 489
460 750
460 577
461 194
461 727
461 662
461 779
461 654
461 169
461 673
462 193
462 511
462 609
462 169
462 522
462 736
462 457
463 662
463 190
463 740
463 734
463 655
463 170
463 780
464 605
464 191
464 739
464 781
464 630
464 170
464 523
465 665
465 620
465 182
465 772
465 758
465 171
465 260
466 230
466 185
466 695
466 703
466 173
466 567
466 225
467 187
467 696
467 289
467 619
467 782
467 173
467 218
468 189
468 648
468 322
468 319
468 174
468 707
468 666
469 191
469 693
469 566
469 520
469 783
469 599
469 175
470 269
470 693
470 190
470 784
470 175
470 785
470 206
471 399
471 195
471 744
471 176
471 355
471 393
471 786
472 193
472 694
472 745
472 176
472 787
472 788
472 686
473 196
473 491
473 451
473 177
473 334
473 451
473 789
474 572
474 197
474 392
474 790
474 380
474 791
474 177
475 458
475 339
475 198
475 397
475 295
475 330
475 177
476 201
476 746
476 350
476 586
476 178
476 719
476 751
477 199
477 232
477 349
477 178
477 199
477 582
477 782
478 395
478 748
478 203
478 179
478 792
478 793
478 386
479 428
479 202
479 747
479 340
479 534
479 720
479 179
480 260
480 254
480 691
480 652
480 209
480 794
480 182
481 758
481 255
481 777
481 182
481 182
481 575
481 575
482 598
482 256
482 772
482 182
482 734
482 601
482 482
483 657
483 694
483 250
483 183
483 501
483 441
483 536
484 251
484 679
484 658
484 674
484 795
484 183
484 796
485 327
485 253
485 625
485 640
485 184
485 450
485 321
486 252
486 624
486 661
486 783
486 797
486 656
486 184
487 567
487 776
487 269
487 554
487 185
487 613
487 798
488 270
488 550
488 703
488 799
488 185
488 683
488 431
489 263
489 489
489 505
489 186
489 728
489 515
489 460
490 619
490 775
490 267
490 653
490 187
490 497
490 675
491 266
491 782
491 473
491 569
491 800
491 187
491 349
492 679
492 293
492 535
492 188
492 736
492 801
492 802
493 292
493 569
493 389
493 188
493 594
493 379
493 266
494 674
494 294
494 666
494 803
494 189
494 658
494 804
495 276
495 785
495 780
495 805
495 765
495 190
495 378
496 655
496 277
496 784
496 286
496 740
496 190
496 561
497 274
497 520
497 781
497 430
497 191
497 386
497 490
498 630
498 783
498 273
498 252
498 783
498 191
498 806
499 272
499 599
499 523
499 272
499 423
499 271
499 191
500 788
500 287
500 457
500 774
500 193
500 589
500 397
501 286
501 522
501 787
501 193
501 483
501 784
501 424
502 779
502 285
502 699
502 807
502 194
502 754
502 808
503 698
503 654
503 283
503 727
503 194
503 587
503 427
504 355
504 280
504 577
504 195
504 778
504 552
504 311
505 281
505 393
505 489
505 383
505 751
505 416
505 195
506 786
506 750
506 282
506 722
506 798
506 195
506 809
507 247
507 539
507 451
507 196
507 717
507 396
507 418
508 248
508 334
508 732
508 196
508 517
508 307
508 631
509 249
509 789
509 778
509 810
509 577
509 196
509 811
510 790
510 245
510 402
510 392
510 510
510 197
510 812
511 462
511 244
511 791
511 770
511 197
511 793
511 336
512 380
512 246
512 529
512 427
512 197
512 378
512 556
513 231
513 270
513 582
513 199
513 626
513 446
513 206
514 671
514 230
514 782
514 622
514 199
514 289
514 683
515 751
515 229
515 515
515 459
515 697
515 201
515 489
516 228
516 719
516 571
516 201
516 706
516 773
516 228
517 586
517 227
517 390
517 798
517 201
517 508
517 379
518 684
518 241
518 720
518 202
518 794
518 813
518 715
519 235
519 584
519 793
519 814
519 244
519 203
519 360
520 234
520 792
520 497
520 752
520 267
520 203
520 469
521 268
521 757
521 714
521 204
521 722
521 597
521 711
522 267
522 770
522 501
522 204
522 657
522 792
522 462
523 263
523 499
523 717
523 539
523 205
523 296
523 464
524 265
524 756
524 771
524 815
524 711
524 205
524 816
525 758
525 772
525 271
525 206
525 665
525 599
525 620
526 262
526 773
526 737
526 580
526 817
526 207
526 719
527 261
527 591
527 589
527 364
527 287
527 207
527 602
528 258
528 588
528 367
528 597
528 288
528 208
528 364
529 254
529 512
529 774
529 210
529 716
529 457
529 724
530 759
530 252
530 316
530 315
530 273
530 211
530 818
531 703
531 531
531 251
531 426
531 695
531 667
531 212
532 711
532 660
532 280
532 757
532 347
532 213
532 756
533 282
533 341
533 533
533 415
533 305
533 213
533 819
534 381
534 281
534 659
534 614
534 479
534 631
534 213
535 285
535 360
535 492
535 806
535 793
535 214
535 643
536 753
536 277
536 767
536 820
536 215
536 483
536 704
537 713
537 275
537 766
537 616
537 215
537 678
537 709
538 274
538 559
538 766
538 216
538 447
538 821
538 371
539 272
539 229
539 507
539 216
539 456
539 523
539 226
540 273
540 767
540 373
540 822
540 216
540 361
540 759
541 745
541 292
541 755
541 217
541 541
541 823
541 824
542 708
542 293
542 744
542 217
542 573
542 749
542 706
543 765
543 290
543 388
543 743
543 780
543 276
543 218
544 754
544 764
544 288
544 699
544 760
544 218
544 588
545 296
545 728
545 639
545 718
545 709
545 219
545 263
546 394
546 295
546 421
546 219
546 339
546 383
546 804
547 294
547 647
547 763
547 547
547 219
547 825
547 826
548 574
548 238
548 325
548 419
548 220
548 548
548 318
549 237
549 760
549 768
549 701
549 754
549 643
549 220
550 488
550 769
550 236
550 220
550 827
550 828
550 452
551 239
551 328
551 414
551 377
551 221
551 321
551 829
552 241
552 624
552 700
552 822
552 221
552 818
552 504
553 235
553 761
553 345
553 222
553 313
553 359
553 830
554 741
554 406
554 234
554 387
554 222
554 487
554 831
555 247
555 715
555 584
555 224
555 832
555 684
555 555
556 248
556 716
556 688
556 833
556 224
556 834
556 512
557 232
557 762
557 712
557 225
557 709
557 623
557 835
558 570
558 776
558 798
558 227
558 776
558 826
558 786
559 538
559 773
559 572
559 418
559 742
559 228
559 836
560 456
560 459
560 574
560 701
560 730
560 229
560 397
561 303
561 567
561 622
561 496
561 592
561 233
561 230
562 626
562 321
562 562
562 231
562 239
562 319
562 253
563 709
563 582
563 577
563 275
563 232
563 249
563 728
564 576
564 835
564 782
564 803
564 837
564 696
564 232
565 710
565 566
565 304
565 822
565 645
565 347
565 233
566 469
566 831
566 565
566 682
566 406
566 234
566 617
567 561
567 752
567 487
567 234
567 628
567 784
567 466
568 369
568 830
568 814
568 824
568 793
568 235
568 810
569 334
569 827
569 493
569 594
569 491
569 326
569 236
570 725
570 558
570 828
570 838
570 236
570 839
570 769
571 701
571 726
571 516
571 237
571 677
571 459
571 733
572 474
572 754
572 559
572 409
572 237
572 812
572 779
573 688
573 362
573 643
573 237
573 840
573 542
573 360
574 548
574 621
574 560
574 689
574 440
574 238
574 669
575 596
575 829
575 425
575 414
575 239
575 481
575 841
576 564
576 813
576 818
576 842
576 646
576 241
576 759
577 504
577 563
577 794
577 241
577 509
577 460
577 260
578 715
578 822
578 408
578 241
578 710
578 373
578 580
579 321
579 456
579 423
579 272
579 625
579 414
579 242
580 770
580 302
580 585
580 244
580 526
580 298
580 578
581 588
581 812
581 588
581 245
581 245
581 754
581 754
582 563
582 392
582 513
582 444
582 383
582 245
582 477
583 586
583 378
583 661
583 350
583 246
583 785
583 823
584 555
584 519
584 396
584 247
584 386
584 337
584 843
585 580
585 418
585 832
585 773
585 715
585 247
585 411
586 834
586 517
586 583
586 641
586 612
586 476
586 248
587 631
587 833
587 301
587 659
587 297
587 503
587 248
588 528
588 581
588 811
588 249
588 544
588 446
588 610
589 810
589 402
589 527
589 369
589 249
589 500
589 447
590 635
590 795
590 667
590 251
590 658
590 815
590 721
591 695
591 796
591 527
591 251
591 430
591 668
591 600
592 315
592 656
592 628
592 343
592 730
592 561
592 252
593 797
593 629
593 818
593 838
593 651
593 252
593 624
594 627
594 594
594 640
594 602
594 253
594 569
594 493
595 794
595 724
595 632
595 720
595 800
595 638
595 254
596 384
596 575
596 631
596 381
596 817
596 732
596 255
597 601
597 714
597 610
597 256
597 844
597 521
597 528
598 633
598 770
598 482
598 617
598 791
598 453
598 256
599 425
599 499
599 682
599 469
599 257
599 342
599 525
600 618
600 364
600 434
600 258
600 337
600 591
600 845
601 617
601 597
601 682
601 482
601 831
601 757
601 258
602 668
602 602
602 369
602 807
602 527
602 261
602 594
603 668
603 297
603 817
603 846
603 796
603 631
603 262
604 719
604 623
604 365
604 712
604 611
604 262
604 746
605 638
605 464
605 460
605 336
605 794
605 263
605 809
606 721
606 637
606 815
606 795
606 756
606 667
606 265
607 816
607 363
607 636
607 359
607 265
607 651
607 847
608 774
608 800
608 641
608 834
608 788
608 724
608 266
609 385
609 462
609 675
609 644
609 267
609 382
609 445
610 643
610 597
610 754
610 768
610 285
610 588
610 268
611 388
611 711
611 644
611 268
611 771
611 604
611 385
612 798
612 785
612 647
612 848
612 269
612 750
612 586
613 613
613 784
613 646
613 813
613 787
613 487
613 269
614 626
614 626
614 799
614 534
614 270
614 534
614 270
615 446
615 431
615 648
615 270
615 811
615 338
615 356
616 712
616 620
616 366
616 616
616 365
616 537
616 271
617 822
617 601
617 783
617 598
617 624
617 566
617 273
618 361
618 600
618 806
618 821
618 360
618 796
618 273
619 490
619 353
619 821
619 467
619 274
619 324
619 361
620 772
620 616
620 465
620 275
620 525
620 620
620 347
621 387
621 805
621 574
621 741
621 422
621 276
621 673
622 561
622 317
622 820
622 315
622 277
622 400
622 514
623 408
623 604
623 743
623 279
623 557
623 849
623 388
624 486
624 552
624 757
624 433
624 617
624 280
624 593
625 756
625 778
625 485
625 280
625 579
625 824
625 637
626 614
626 383
626 562
626 381
626 513
626 281
626 295
627 631
627 416
627 594
627 668
627 389
627 334
627 281
628 415
628 592
628 798
628 567
628 390
628 282
628 680
629 722
629 305
629 593
629 282
629 757
629 299
629 850
630 809
630 819
630 498
630 801
630 464
630 851
630 282
631 627
631 596
631 587
631 603
631 534
631 508
631 283
632 315
632 595
632 676
632 759
632 820
632 284
632 673
633 806
633 598
633 808
633 285
633 783
633 687
633 779
634 401
634 793
634 807
634 791
634 285
634 748
634 369
635 774
635 432
635 590
635 852
635 287
635 417
635 645
636 699
636 607
636 670
636 663
636 846
636 288
636 848
637 606
637 450
637 760
637 288
637 853
637 625
637 357
638 605
638 780
638 673
638 290
638 805
638 595
638 662
639 672
639 743
639 545
639 290
639 854
639 845
639 435
640 824
640 403
640 594
640 485
640 369
640 827
640 292
641 379
641 608
641 823
641 292
641 378
641 586
641 755
642 749
642 412
642 801
642 293
642 809
642 642
642 391
643 802
643 573
643 610
643 293
643 535
643 811
643 549
644 706
644 736
644 611
644 719
644 705
644 293
644 609
645 825
645 658
645 406
645 374
645 294
645 565
645 635
646 826
646 803
646 613
646 576
646 776
646 855
646 294
647 804
647 612
647 547
647 294
647 421
647 834
647 847
648 615
648 468
648 804
648 343
648 295
648 666
648 840
649 354
649 718
649 718
649 296
649 296
649 324
649 324
650 407
650 297
650 763
650 833
650 374
650 856
650 404
651 846
651 856
651 299
651 297
651 607
651 391
651 593
652 796
652 300
652 374
652 658
652 361
652 297
652 480
653 310
653 361
653 704
653 490
653 300
653 767
653 359
654 503
654 503
654 308
654 301
654 461
654 461
654 301
655 496
655 308
655 496
655 303
655 463
655 463
655 303
656 307
656 592
656 433
656 732
656 486
656 303
656 338
657 483
657 822
657 310
657 767
657 522
657 700
657 304
658 312
658 645
658 484
658 590
658 652
658 494
658 304
659 534
659 340
659 850
659 305
659 587
659 747
659 799
660 757
660 342
660 532
660 692
660 660
660 682
660 305
661 583
661 486
661 335
661 455
661 307
661 857
661 851
662 461
662 336
662 463
662 791
662 638
662 336
662 308
663 700
663 352
663 359
663 345
663 310
663 677
663 636
664 767
664 767
664 351
664 310
664 697
664 697
664 310
665 465
665 354
665 465
665 311
665 311
665 525
665 525
666 494
666 356
666 666
666 648
666 312
666 858
666 468
667 357
667 590
667 667
667 312
667 531
667 721
667 606
668 346
668 603
668 602
668 627
668 591
668 842
668 314
669 318
669 673
669 730
669 727
669 669
669 574
669 315
670 818
670 328
670 636
670 847
670 700
670 316
670 859
671 330
671 514
671 514
671 317
671 458
671 317
671 458
672 639
672 324
672 727
672 698
672 821
672 718
672 318
673 638
673 323
673 669
673 461
673 632
673 621
673 318
674 494
674 326
674 332
674 484
674 827
674 320
674 723
675 707
675 609
675 324
675 490
675 718
675 706
675 322
676 351
676 632
676 632
676 837
676 837
676 323
676 323
677 706
677 698
677 355
677 571
677 744
677 663
677 324
678 358
678 702
678 419
678 411
678 537
678 325
678 860
679 492
679 484
679 335
679 853
679 454
679 861
679 326
680 343
680 847
680 377
680 628
680 328
680 804
680 363
681 344
681 829
681 859
681 841
681 328
681 841
681 328
682 347
682 601
682 599
682 772
682 566
682 660
682 329
683 827
683 458
683 448
683 514
683 332
683 488
683 403
684 518
684 386
684 398
684 748
684 781
684 555
684 333
685 455
685 853
685 455
685 335
685 335
685 450
685 450
686 857
686 454
686 454
686 335
686 472
686 472
686 335
687 861
687 453
687 851
687 633
687 819
687 841
687 335
688 393
688 573
688 556
688 380
688 862
688 337
688 744
689 422
689 419
689 397
689 339
689 574
689 372
689 788
690 799
690 426
690 426
690 703
690 340
690 340
690 703
691 430
691 480
691 819
691 453
691 781
691 796
691 341
692 756
692 692
692 424
692 660
692 721
692 787
692 342
693 469
693 841
693 470
693 425
693 344
693 792
693 851
694 830
694 483
694 472
694 345
694 753
694 787
694 454
695 466
695 591
695 695
695 434
695 752
695 531
695 346
696 842
696 762
696 467
696 436
696 564
696 821
696 346
697 437
697 697
697 837
697 351
697 835
697 664
697 515
698 503
698 677
698 435
698 726
698 672
698 352
698 833
699 436
699 502
699 636
699 863
699 352
699 842
699 544
700 552
700 441
700 663
700 441
700 657
700 355
700 670
701 440
701 778
701 571
701 355
701 864
701 549
701 560
702 678
702 858
702 447
702 356
702 766
702 810
702 733
703 488
703 448
703 531
703 690
703 357
703 448
703 466
704 443
704 653
704 860
704 358
704 536
704 705
704 775
705 771
705 830
705 359
705 761
705 816
705 644
705 704
706 644
706 362
706 677
706 516
706 542
706 359
706 675
707 840
707 370
707 675
707 775
707 468
707 854
707 362
708 542
708 542
708 372
708 362
708 362
708 422
708 422
709 845
709 366
709 563
709 537
709 545
709 364
709 557
710 746
710 368
710 565
710 578
710 365
710 825
710 400
711 611
711 532
711 367
711 438
711 521
711 524
711 365
712 371
712 616
712 557
712 766
712 366
712 604
712 439
713 372
713 537
713 537
713 419
713 366
713 419
713 366
714 597
714 376
714 521
714 865
714 367
714 442
714 714
715 373
715 555
715 578
715 368
715 585
715 518
715 715
716 374
716 556
716 825
716 529
716 763
716 825
716 368
717 398
717 523
717 775
717 507
717 739
717 443
717 370
718 854
718 649
718 382
718 675
718 545
718 672
718 370
719 604
719 516
719 395
719 476
719 526
719 371
719 644
720 759
720 518
720 410
720 813
720 595
720 479
720 373
721 721
721 606
721 417
721 590
721 375
721 692
721 667
722 412
722 865
722 629
722 839
722 376
722 521
722 506
723 804
723 413
723 405
723 394
723 735
723 377
723 674
724 378
724 866
724 595
724 780
724 410
724 529
724 608
725 755
725 391
725 570
725 856
725 379
725 749
725 864
726 571
726 394
726 427
726 413
726 698
726 411
726 380
727 672
727 384
727 461
727 382
727 503
727 836
727 669
728 460
728 545
728 383
728 563
728 421
728 382
728 489
729 836
729 391
729 817
729 846
729 773
729 801
729 384
730 669
730 390
730 732
730 730
730 592
730 560
730 384
731 771
731 780
731 410
731 740
731 388
731 867
731 866
732 414
732 730
732 508
732 390
732 596
732 456
732 656
733 411
733 773
733 864
733 391
733 702
733 571
733 832
734 791
734 401
734 444
734 482
734 392
734 463
734 401
735 400
735 862
735 751
735 723
735 746
735 393
735 820
736 644
736 793
736 454
736 830
736 462
736 492
736 395
737 526
737 453
737 792
737 395
737 770
737 430
737 841
738 452
738 452
738 843
738 769
738 396
738 769
738 396
739 464
739 739
739 781
739 819
739 739
739 398
739 717
740 463
740 748
740 443
740 496
740 398
740 401
740 731
741 786
741 440
741 554
741 399
741 776
741 844
741 621
742 447
742 812
742 447
742 559
742 402
742 559
742 402
743 436
743 623
743 639
743 543
743 762
743 868
743 404
744 471
744 833
744 542
744 839
744 688
744 407
744 677
745 541
745 472
745 856
745 407
745 755
745 855
745 857
746 476
746 849
746 710
746 408
746 604
746 735
746 834
747 479
747 867
747 479
747 410
747 410
747 659
747 659
748 813
748 478
748 740
748 634
748 784
748 410
748 684
749 422
749 839
749 642
749 805
749 725
749 412
749 542
750 421
750 809
750 506
750 612
750 460
750 412
750 750
751 428
751 515
751 735
751 837
751 505
751 413
751 476
752 430
752 567
752 752
752 520
752 792
752 695
752 415
753 860
753 536
753 788
753 800
753 694
753 419
753 860
754 544
754 572
754 610
754 502
754 549
754 581
754 420
755 788
755 541
755 725
755 422
755 869
755 745
755 641
756 524
756 625
756 692
756 532
756 423
756 855
756 606
757 521
757 624
757 660
757 601
757 629
757 424
757 532
758 525
758 525
758 481
758 425
758 465
758 425
758 465
759 720
759 837
759 530
759 428
759 540
759 576
759 632
760 637
760 549
760 811
760 778
760 431
760 544
760 802
761 553
761 852
761 553
761 432
761 432
761 705
761 705
762 557
762 845
762 696
762 835
762 743
762 434
762 845
763 650
763 547
763 833
763 716
763 838
763 435
763 763
764 544
764 544
764 868
764 811
764 811
764 436
764 436
765 863
765 543
765 543
765 436
765 495
765 495
765 436
766 835
766 537
766 538
766 437
766 702
766 845
766 712
767 540
767 536
767 664
767 437
767 653
767 657
767 837
768 549
768 844
768 549
768 440
768 610
768 440
768 610
769 550
769 864
769 776
769 440
769 803
769 738
769 570
770 522
770 580
770 598
770 442
770 511
770 737
770 822
771 731
771 705
771 524
771 611
771 870
771 852
771 443
772 525
772 482
772 620
772 444
772 465
772 682
772 772
773 559
773 526
773 733
773 447
773 729
773 516
773 585
774 635
774 529
774 608
774 866
774 449
774 500
774 825
775 490
775 789
775 717
775 707
775 451
775 704
775 781
776 487
776 558
776 769
776 558
776 741
776 452
776 646
777 841
777 481
777 841
777 453
777 453
777 829
777 829
778 701
778 625
778 509
778 869
778 456
778 504
778 760
779 836
779 791
779 502
779 807
779 572
779 633
779 461
780 495
780 731
780 638
780 871
780 463
780 543
780 724
781 739
781 497
781 794
781 775
781 691
781 464
781 684
782 491
782 564
782 514
782 477
782 820
782 827
782 467
783 851
783 617
783 498
783 486
783 633
783 498
783 469
784 496
784 792
784 613
784 501
784 470
784 567
784 748
785 495
785 612
785 851
785 809
785 583
785 470
785 863
786 839
786 506
786 741
786 805
786 558
786 865
786 471
787 855
787 501
787 787
787 472
787 692
787 694
787 613
788 755
788 753
788 500
788 810
788 689
788 472
788 608
789 509
789 800
789 775
789 794
789 860
789 840
789 473
790 510
790 812
790 510
790 790
790 474
790 790
790 474
791 511
791 734
791 779
791 662
791 474
791 634
791 598
792 737
792 520
792 784
792 522
792 752
792 478
792 693
793 634
793 519
793 736
793 478
793 511
793 535
793 568
794 577
794 781
794 595
794 789
794 518
794 605
794 480
795 590
795 590
795 853
795 484
795 484
795 606
795 606
796 652
796 861
796 591
796 603
796 618
796 691
796 484
797 593
797 857
797 593
797 486
797 486
797 856
797 856
798 558
798 628
798 612
798 517
798 487
798 847
798 506
799 828
799 690
799 614
799 488
799 659
799 488
799 659
800 608
800 820
800 789
800 753
800 491
800 862
800 595
801 642
801 806
801 861
801 729
801 492
801 630
801 801
802 643
802 643
802 853
802 492
802 760
802 760
802 492
803 646
803 858
803 827
803 564
803 769
803 824
803 494
804 648
804 647
804 723
804 494
804 862
804 546
804 680
805 871
805 621
805 809
805 749
805 786
805 495
805 638
806 633
806 801
806 618
806 535
806 498
806 836
806 861
807 842
807 634
807 807
807 602
807 779
807 502
807 813
808 633
808 633
808 863
808 851
808 502
808 502
808 851
809 630
809 750
809 805
809 785
809 506
809 642
809 605
810 589
810 869
810 860
810 509
810 568
810 702
810 788
811 760
811 588
811 840
811 509
811 615
811 764
811 643
812 790
812 581
812 742
812 572
812 572
812 510
812 510
813 813
813 748
813 576
813 613
813 807
813 720
813 518
814 843
814 568
814 568
814 519
814 869
814 519
814 869
815 852
815 606
815 606
815 590
815 590
815 524
815 524
816 855
816 607
816 870
816 705
816 826
816 856
816 524
817 729
817 841
817 603
817 861
817 859
817 526
817 596
818 576
818 593
818 670
818 846
818 826
818 530
818 552
819 691
819 630
819 819
819 533
819 687
819 739
819 861
820 622
820 800
820 837
820 536
820 632
820 735
820 782
821 836
821 845
821 619
821 618
821 696
821 538
821 672
822 657
822 617
822 578
822 540
822 770
822 552
822 565
823 641
823 641
823 857
823 541
823 583
823 541
823 583
824 869
824 640
824 855
824 803
824 625
824 541
824 568
825 834
825 716
825 645
825 710
825 547
825 774
825 716
826 838
826 646
826 847
826 816
826 818
826 547
826 558
827 683
827 803
827 569
827 550
827 674
827 782
827 640
828 799
828 570
828 570
828 850
828 550
828 850
828 550
829 575
829 575
829 681
829 551
829 551
829 777
829 777
830 694
830 568
830 705
830 855
830 736
830 553
830 860
831 566
831 566
831 844
831 554
831 601
831 601
831 554
832 585
832 585
832 843
832 555
832 733
832 733
832 555
833 763
833 587
833 744
833 850
833 556
833 698
833 650
834 825
834 586
834 862
834 746
834 647
834 608
834 556
835 766
835 564
835 835
835 557
835 697
835 762
835 858
836 779
836 729
836 821
836 727
836 806
836 842
836 559
837 820
837 759
837 697
837 751
837 767
837 564
837 676
838 850
838 856
838 826
838 570
838 593
838 763
838 870
839 749
839 850
839 786
839 722
839 744
839 570
839 871
840 811
840 862
840 707
840 868
840 648
840 789
840 573
841 817
841 777
841 693
841 687
841 575
841 681
841 737
842 807
842 846
842 696
842 699
842 668
842 576
842 836
843 738
843 832
843 814
843 584
843 584
843 864
843 864
844 768
844 831
844 865
844 741
844 741
844 597
844 597
845 762
845 709
845 821
845 639
845 766
845 600
845 762
846 859
846 842
846 651
846 603
846 818
846 729
846 636
847 826
847 848
847 680
847 647
847 670
847 607
847 798
848 847
848 863
848 847
848 636
848 636
848 612
848 612
849 868
849 746
849 746
849 862
849 623
849 623
849 862
850 838
850 659
850 839
850 828
850 629
850 833
850 867
851 783
851 785
851 687
851 661
851 808
851 630
851 693
852 866
852 761
852 815
852 771
852 635
852 771
852 635
853 802
853 795
853 685
853 679
853 679
853 637
853 637
854 718
854 868
854 718
854 639
854 707
854 639
854 707
855 816
855 787
855 824
855 756
855 745
855 646
855 830
856 745
856 651
856 838
856 816
856 725
856 797
856 650
857 797
857 686
857 823
857 661
857 745
857 661
857 745
858 858
858 803
858 702
858 869
858 835
858 666
858 864
859 681
859 846
859 846
859 817
859 817
859 670
859 670
860 704
860 810
860 753
860 678
860 830
860 789
860 753
861 687
861 801
861 796
861 806
861 679
861 817
861 819
862 735
862 840
862 834
862 688
862 849
862 804
862 800
863 808
863 848
863 765
863 699
863 785
863 785
863 699
864 733
864 769
864 869
864 701
864 843
864 858
864 725
865 844
865 722
865 722
865 714
865 714
865 786
865 786
866 724
866 724
866 852
866 774
866 731
866 731
866 774
867 870
867 747
867 871
867 731
867 731
867 850
867 850
868 854
868 849
868 764
868 743
868 743
868 840
868 840
869 810
869 864
869 824
869 778
869 755
869 858
869 814
870 816
870 816
870 867
870 838
870 771
870 771
870 838
871 867
871 805
871 805
871 780
871 839
871 839
871 780
