1 -4
4 -4
9 -4
16 -4
36 -4
36 -4
81 -4
81 -4
81 -4
64 -4
64 -4
144 -4
144 -4
144 -4
144 -4
139 -139
266 -1063
128 -511
109 -436
270 -1079
172 -687
246 -983
246 -983
74 -296
117 -467
80 -20
303 -1211
80 -319
291 -291
210 -840
256 -4
256 -4
174 -695
180 -719
63 -251
83 -331
139 -555
129 -516
174 -695
174 -696
46 -184
180 -719
112 -7
109 -436
172 -687
189 -755
205 -91
159 -159
35 -139
128 -511
116 -116
45 -20
161 -643
251 -251
20 -20
155 -619
240 -959
210 -840
80 -319
73 -291
142 -7
266 -1064
226 -904
230 -920
111 -111
230 -920
77 -307
80 -319
190 -760
246 -983
172 -687
91 -91
178 -712
154 -615
246 -983
78 -312
278 -1111
154 -615
16 -7
74 -296
74 -296
117 -467
96 -383
117 -467
80 -20
61 -244
80 -20
176 -703
280 -1119
303 -1211
264 -1055
61 -244
300 -1199
291 -291
178 -712
150 -599
210 -840
195 -779
252 -1007
257 -1028
142 -568
180 -719
221 -884
257 -1028
251 -251
210 -840
142 -7
331 -331
173 -692
251 -251
63 -7
174 -695
139 -139
29 -116
172 -687
28 -7
250 -111
63 -251
45 -20
63 -251
153 -68
149 -596
40 -159
190 -759
190 -759
139 -555
117 -52
175 -699
180 -719
129 -516
141 -564
174 -695
46 -184
206 -824
129 -516
139 -139
52 -52
174 -695
194 -776
151 -151
194 -776
211 -843
149 -596
219 -35
180 -719
250 -111
180 -719
270 -1079
190 -760
152 -152
150 -24
28 -111
293 -1171
240 -959
267 -267
68 -68
189 -755
23 -91
260 -1039
125 -20
230 -920
159 -159
230 -920
240 -959
80 -20
236 -943
142 -7
266 -1064
116 -116
116 -116
236 -943
5 -20
240 -959
218 -871
80 -319
291 -291
223 -11
251 -251
226 -904
20 -20
20 -20
143 -143
150 -599
96 -383
240 -959
57 -228
120 -120
94 -376
252 -1007
244 -244
96 -24
85 -339
150 -599
178 -712
73 -291
120 -120
99 -11
16 -7
154 -615
266 -1064
266 -1064
228 -911
78 -312
230 -920
176 -703
269 -1076
254 -1015
278 -1111
111 -111
230 -920
96 -383
42 -167
250 -111
94 -376
244 -244
243 -971
187 -83
173 -691
252 -1007
278 -1111
154 -615
246 -983
85 -339
133 -59
240 -959
178 -712
84 -335
93 -372
118 -471
204 -815
178 -79
154 -615
142 -568
195 -779
268 -67
84 -335
230 -919
168 -671
178 -79
204 -815
154 -615
142 -7
2 -7
106 -424
44 -11
74 -296
59 -59
74 -296
145 -580
150 -599
167 -167
215 -859
96 -383
218 -871
44 -7
120 -479
247 -987
264 -1055
204 -815
218 -871
266 -1064
227 -227
118 -471
149 -596
206 -823
210 -839
280 -1119
181 -724
314 -1256
178 -79
143 -143
118 -471
264 -1055
320 -20
218 -871
168 -671
204 -815
320 -20
57 -227
276 -276
178 -79
111 -111
44 -7
218 -871
120 -479
150 -599
266 -1064
206 -823
149 -596
168 -671
195 -779
83 -83
208 -52
248 -248
178 -79
124 -55
285 -1140
213 -852
180 -719
257 -1028
177 -707
227 -227
204 -815
145 -579
250 -111
180 -719
221 -884
29 -116
163 -651
153 -68
149 -596
40 -159
251 -251
180 -20
295 -295
82 -328
204 -815
168 -671
73 -292
173 -692
79 -79
95 -379
135 -11
124 -55
40 -159
173 -692
96 -383
197 -788
180 -20
7 -7
163 -651
167 -167
174 -695
209 -835
69 -11
29 -116
190 -759
293 -1172
219 -35
177 -707
28 -111
38 -152
218 -871
63 -251
268 -67
240 -959
236 -943
5 -20
210 -839
212 -7
17 -68
227 -907
149 -596
55 -55
276 -276
40 -159
119 -119
213 -852
213 -851
190 -759
190 -759
117 -52
180 -719
145 -580
236 -943
108 -431
241 -107
190 -759
38 -151
124 -55
243 -971
13 -52
236 -59
248 -248
57 -228
107 -107
250 -111
278 -1111
284 -1135
129 -516
141 -564
55 -55
79 -79
206 -824
141 -564
228 -911
135 -11
134 -535
175 -7
123 -123
206 -824
99 -11
182 -727
194 -776
236 -943
236 -59
99 -395
54 -24
125 -20
194 -776
120 -479
44 -11
210 -839
67 -267
194 -776
319 -319
211 -843
227 -227
219 -35
219 -35
213 -852
192 -767
150 -24
175 -699
28 -111
226 -903
119 -119
236 -59
111 -443
181 -724
86 -344
117 -52
152 -152
152 -152
140 -35
42 -167
150 -24
92 -367
250 -111
168 -168
278 -1111
151 -67
175 -699
240 -959
267 -267
51 -203
68 -68
141 -564
205 -91
125 -20
154 -615
230 -920
176 -703
269 -1076
66 -264
145 -579
116 -463
42 -167
230 -920
96 -383
30 -120
84 -335
79 -35
134 -535
96 -383
53 -211
66 -264
210 -839
266 -1064
86 -344
116 -116
66 -264
116 -116
24 -24
36 -143
168 -168
280 -1119
252 -1007
264 -1055
269 -1076
291 -291
150 -599
30 -120
25 -11
63 -7
212 -7
154 -615
228 -911
92 -367
218 -871
35 -35
120 -479
150 -599
173 -692
96 -383
205 -91
314 -1256
167 -167
86 -344
121 -4
120 -120
87 -347
210 -839
159 -159
168 -671
122 -487
96 -24
174 -696
118 -471
99 -395
150 -599
120 -479
44 -7
69 -276
182 -727
192 -767
120 -120
221 -883
69 -276
11 -11
106 -424
230 -919
145 -579
112 -7
92 -367
93 -372
235 -939
228 -911
201 -803
330 -1319
107 -107
197 -787
118 -471
189 -755
36 -143
169 -4
266 -1064
284 -1135
230 -919
82 -328
42 -167
152 -152
28 -111
178 -79
163 -651
272 -68
108 -431
243 -971
118 -471
272 -68
21 -83
52 -52
134 -535
114 -455
124 -55
252 -1007
62 -248
111 -443
114 -455
84 -335
79 -35
154 -615
67 -67
135 -11
15 -59
248 -248
108 -431
84 -335
141 -563
211 -211
204 -815
20 -79
94 -376
100 -399
104 -415
104 -415
168 -168
38 -151
210 -839
84 -335
285 -1139
99 -11
182 -727
168 -671
35 -35
100 -399
69 -276
236 -59
211 -211
236 -59
44 -11
94 -376
187 -83
59 -59
59 -59
257 -1027
262 -1048
114 -455
143 -571
30 -119
168 -168
277 -123
91 -91
49 -4
74 -295
140 -35
107 -107
120 -479
264 -1055
190 -759
171 -683
38 -151
285 -1140
191 -763
96 -24
30 -119
234 -935
248 -991
66 -264
114 -455
134 -535
201 -803
100 -399
20 -79
278 -1111
108 -431
209 -835
190 -759
260 -1039
36 -143
168 -671
204 -815
57 -227
143 -571
276 -276
20 -79
196 -4
111 -111
254 -1015
186 -743
262 -1048
74 -295
120 -479
120 -479
119 -119
225 -4
119 -119
155 -619
124 -55
196 -4
83 -83
85 -339
114 -455
134 -535
248 -248
100 -399
248 -248
252 -1007
14 -55
248 -248
234 -935
266 -1063
213 -851
44 -7
47 -187
221 -884
145 -579
159 -159
65 -260
38 -152
221 -884
29 -116
285 -1139
17 -68
36 -143
40 -159
30 -119
151 -151
123 -123
197 -788
28 -7
124 -55
168 -671
173 -692
124 -55
68 -68
285 -1139
213 -852
173 -692
218 -871
35 -35
264 -1055
167 -167
133 -59
69 -11
69 -11
186 -743
182 -727
117 -52
42 -167
216 -24
38 -152
140 -35
150 -599
42 -168
280 -1119
17 -68
175 -7
203 -203
154 -615
276 -276
116 -463
42 -167
251 -1003
151 -67
213 -851
124 -55
13 -52
108 -431
104 -415
189 -755
108 -431
52 -52
27 -107
59 -59
62 -248
54 -24
14 -55
236 -943
228 -911
30 -119
107 -107
194 -776
74 -295
260 -1039
150 -24
141 -563
86 -344
206 -824
31 -123
77 -308
123 -123
133 -59
120 -479
194 -776
134 -535
203 -811
77 -307
6 -24
176 -703
125 -20
44 -11
203 -203
208 -52
83 -83
104 -415
65 -260
176 -703
192 -767
86 -344
92 -367
42 -168
101 -404
114 -455
83 -83
152 -152
152 -152
36 -143
272 -68
114 -455
17 -67
108 -431
62 -248
51 -203
51 -203
108 -431
68 -68
47 -187
84 -335
121 -483
77 -308
36 -143
169 -4
99 -395
121 -4
84 -335
9 -35
69 -276
120 -479
168 -671
24 -24
210 -839
174 -696
122 -487
225 -4
192 -767
86 -7
298 -1191
101 -404
3 -11
120 -479
305 -1219
163 -651
96 -24
30 -119
266 -1063
23 -91
235 -939
65 -260
101 -404
87 -347
61 -244
100 -399
252 -1007
139 -139
186 -743
102 -408
53 -211
192 -767
287 -1147
114 -455
11 -11
100 -399
38 -151
30 -119
86 -7
140 -35
234 -935
54 -24
248 -991
260 -1039
121 -483
21 -83
187 -83
62 -248
234 -935
210 -839
65 -260
9 -35
151 -151
49 -4
15 -59
248 -248
248 -248
100 -399
141 -563
68 -68
234 -935
192 -767
101 -404
35 -35
128 -511
59 -59
49 -4
108 -431
128 -511
100 -4
25 -4
57 -227
65 -260
186 -743
67 -67
61 -244
14 -55
86 -7
205 -91
73 -292
100 -399
41 -163
101 -404
186 -743
101 -404
25 -4
137 -548
27 -107
74 -295
65 -260
55 -55
137 -548
77 -308
35 -139
